time,flux,flux_err
1559.2255735802974,,
1559.2460078291988,17462.76,5.752807
1559.2664421783338,17473.402,5.7644377
1559.2868766276952,17461.15,5.7640314
1559.307310877295,17471.287,5.763288
1559.3277452271286,17468.518,5.758783
1559.3481796773049,17488.117,5.764357
1559.3686139277197,17479.271,5.7674713
1559.389048378369,17468.535,5.7647147
1559.4094827292429,17465.848,5.7634683
1559.429917080357,17468.773,5.771449
1559.450351431704,17472.672,5.7682133
1559.4707857833928,17463.24,5.7713857
1559.4912201353218,17467.484,5.7722073
1559.5116544873672,17473.041,5.7707806
1559.5320888397546,17467.94,5.7698627
1559.552523192382,17467.44,5.775435
1559.5729575453588,17474.451,5.774705
1559.5933918984447,17465.176,5.773453
1559.6138262517707,17470.377,5.776139
1559.634260605446,17473.344,5.776636
1559.6546949593467,17467.244,5.781158
1559.6751294134883,17466.656,5.7779155
1559.6955636678613,17463.652,5.7776146
1559.7159980224606,17467.383,5.780046
1559.7364324773007,17458.965,5.7778277
1559.7568667323721,17466.742,5.779783
1559.777301187787,17466.104,5.780102
1559.7977355434414,17465.658,5.778523
1559.8181697992113,17463.326,5.777916
1559.8386042553248,17473.176,5.783239
1559.8590386116775,17460.781,5.7781034
1559.8794728683788,17459.057,5.784395
1559.8999073251907,17468.527,5.7806277
1559.920341682242,17466.363,5.782963
1559.940776139636,17474.137,5.786328
1559.9612103972686,17467.117,5.784745
1559.9816447551348,17461.145,5.7816887
1560.0020792132273,17458.92,5.7876225
1560.0225134715583,17473.662,5.78381
1560.042947830123,17480.309,5.788457
1560.063382288914,17478.74,5.7893386
1560.0838165479436,17471.043,5.7878532
1560.104251007324,17460.28,5.7867165
1560.124685366929,17468.938,5.79147
1560.145119626657,17462.105,5.7872577
1560.165554086736,17461.424,5.7891126
1560.1859884470396,17473.516,5.790486
1560.2064227075825,17454.39,5.791284
1560.2268571684763,17462.57,5.7886
1560.2472915294784,17462.24,5.7892704
1560.2677257907199,17466.28,5.7906556
1560.288160252312,17463.545,5.7922883
1560.308594614129,17455.418,5.790556
1560.3290289760698,17468.107,5.7936273
1560.3494633383598,17458.494,5.7919054
1560.3698977008753,17471.74,5.7909913
1560.3903321636317,17466.186,5.793027
1560.4107664267358,17454.686,5.7905884
1560.4312007899498,17473.477,5.7952166
1560.4516352534047,17468.883,5.7958593
1560.4720695172073,17470.09,5.7944384
1560.4925039811205,17472.14,5.796458
1560.5129383453896,17461.896,5.7956443
1560.5333726098906,17461.846,5.7941008
1560.5538070746188,17469.818,5.7960534
1560.5742414395863,17469.016,5.7963133
1560.594675704786,17458.887,5.794748
1560.6151101702126,17471.016,5.797685
1560.6355445358786,17465.176,5.795368
1560.6559789018938,17451.06,5.7972097
1560.6764132680182,17468.176,5.797491
1560.6968476344991,17461.652,5.7961006
1560.7377163680358,17463.13,5.7999034
1560.7581507352152,17472.344,5.799321
1560.778585202621,17472.229,5.7986116
1560.7990194702652,17461.613,5.7960067
1560.819453838143,17463.188,5.798981
1560.8398883062473,17486.902,5.80801
1560.9624945201358,17449.188,5.806091
1560.982928789992,17430.959,5.8057375
1561.0033632600826,17453.844,5.805864
1561.023797630398,17426.54,5.8023586
1561.044232100954,17459.682,5.8055263
1561.0646663717416,17472.297,5.8056035
1561.0851007427555,17469.295,5.805499
1561.1055352140102,17464.008,5.805509
1561.1259694854962,17461.336,5.806111
1561.146403857325,17462.906,5.803049
1561.166838329278,17463.686,5.8060184
1561.187272601579,17452.14,5.800414
1561.2077069739898,17481.148,5.803261
1561.228141446758,17448.39,5.8053174
1561.2485757197574,17467.785,5.8042235
1561.2690101929838,17467.973,5.8040924
1561.2894445664497,17458.78,5.803001
1561.3098789401483,17458.834,5.801851
1561.3303133139561,17470.846,5.8051887
1561.3507476882369,17476.219,5.806987
1561.371182062634,17483.69,5.8049684
1561.3916164372567,17480.238,5.804905
1561.4120508121196,17470.682,5.805838
1561.4324852872087,17454.13,5.801119
1561.4529195626528,17479.014,5.8054514
1561.4733539382141,17456.398,5.803859
1561.4937883141247,17462.938,5.804252
1561.5142226901444,17473.287,5.806762
1561.5346570665206,17462.46,5.8049335
1561.5550915431231,17455.271,5.804207
1561.5755258198478,17489.785,5.809342
1561.5959601969225,17472.537,5.803902
1561.6163946742308,17467.607,5.8047714
1561.6368289517632,17456.219,5.8051248
1561.6572634295371,17456.553,5.804132
1561.6776978075359,17458.467,5.8061514
1561.698132085774,17468.578,5.8053393
1561.7185665642464,17466.719,5.8047047
1561.739000942951,17465.475,5.805176
1561.7594352218803,17467.084,5.804846
1561.7798697010512,17462.418,5.8032417
1561.8003040805634,17468.137,5.8054996
1561.8207385602,17476.281,5.8037667
1561.8411728400679,17464.514,5.804945
1561.8616072202858,17474.312,5.805506
1561.8820417006136,17471.338,5.8044567
1561.9024759812964,17469.96,5.8060255
1561.9229103620892,17461.486,5.802296
1561.9433448432392,17469.95,5.803905
1561.963779124504,17464.338,5.8038607
1561.984213506119,17478.312,5.8066754
1562.0046479879602,17466.39,5.8053055
1562.0250823699243,17466.928,5.8045373
1562.0455167522305,17453.57,5.8027143
1562.0659511347767,17470.838,5.8031683
1562.086385417555,17468.273,5.8061686
1562.1068199005604,17458.11,5.804306
1562.1272542836887,17470.812,5.8040833
1562.1476885671655,17471.562,5.803655
1562.1681230508693,17459.61,5.801918
1562.1885574348125,17465.3,5.8044434
1562.2089919189893,17460.44,5.8036823
1562.2294262033902,17468.133,5.8046193
1562.2498605880319,17463.611,5.8055043
1562.2702950729072,17391.338,5.7996054
1562.2907293580065,17357.875,5.79811
1562.311163743463,17340.094,5.795658
1562.331598229037,17333.977,5.7946906
1562.3520325148347,17327.373,5.7943974
1562.3724670008742,17329.244,5.79341
1562.3929013871457,17316.766,5.7913995
1562.413335673642,17324.055,5.7921634
1562.4337701604964,17314.854,5.7894635
1562.4542045474664,17325.883,5.7923174
1562.4746388346612,17313.328,5.7906356
1562.495073322214,17315.697,5.7930446
1562.5155077098825,17324.31,5.7923408
1562.5359420977766,17325.39,5.792378
1562.5563764859107,17330.326,5.792003
1562.5768108743941,17347.387,5.7952127
1562.5972453629875,17349.582,5.7959037
1562.6176796519358,17353.123,5.793422
1562.6381140410012,17398.908,5.79771
1562.658548530293,17457.094,5.8033657
1562.6789829199406,17468.45,5.804268
1562.6994172097038,17457.479,5.8039837
1562.7198516998105,17470.045,5.8039713
1562.7402859900394,17470.764,5.799841
1562.7607204804954,17454.31,5.8032236
1562.781154871307,17462.338,5.801251
1562.8015891622344,17470.822,5.8014092
1562.8220236535126,17457.32,5.80101
1562.842458044899,17475.406,5.804521
1562.862892336525,17464.98,5.8006577
1562.8833268284943,17469.057,5.802683
1562.9037612205866,17465.875,5.8018513
1562.9241955130274,17469.553,5.8047967
1562.944630005586,17473.139,5.805312
1562.9650643983696,17468.473,5.8067994
1562.9854988915104,17469.049,5.801765
1563.0059331847588,17463.934,5.8042793
1563.0263675783644,17457.377,5.8013797
1563.0468020720873,17464.314,5.799826
1563.0672363660415,17464.027,5.7984557
1563.0876707603384,17473.348,5.80487
1563.1081052547597,17469.125,5.8013024
1563.128539549405,17461.092,5.8022866
1563.1489740444085,17466.436,5.8028884
1563.1694084395276,17468.38,5.8046675
1563.1898428348723,17466.781,5.8006554
1563.2102772305734,17455.451,5.799326
1563.230711626391,17460.59,5.8018303
1563.251146022434,17456.967,5.802632
1563.2715804187173,17476.715,5.803825
1563.2920148153498,17460.25,5.802782
1563.3124492120915,17478.553,5.8031263
1563.332883709074,17456.152,5.8031325
1563.3533180062877,17460.52,5.801003
1563.3737524037278,17464.453,5.8020377
1563.394186801408,17473.383,5.805906
1563.4146211993211,17467.537,5.801246
1563.4350556974605,17473.83,5.8069735
1563.4554899958384,17458.48,5.804775
1563.47592439445,17461.523,5.8009543
1563.4963588932878,17466.283,5.8034945
1563.5167931923643,17465.21,5.800314
1563.537227691675,17482.305,5.8025804
1563.5576620912107,17466.658,5.805192
1563.5780963909856,17464.764,5.8007975
1563.5985308909876,17478.97,5.8062587
1563.618965291229,17464.586,5.801915
1563.639399591586,17455.209,5.79765
1563.6598340922937,17472.89,5.8052845
1563.6802684932263,17466.17,5.8042645
1563.7211372956808,17461.752,5.8017974
1563.7415716973192,17458.121,5.801786
1563.7620061990747,17471.771,5.801172
1563.782440501178,17468.348,5.8065004
1563.802874903391,17463.01,5.805885
1563.823309405845,17470.059,5.802151
1563.8437438086403,17464.936,5.805382
1563.8641781115584,17461.756,5.804298
1563.884612614711,17466.635,5.8061876
1563.9050470182046,17465.822,5.805155
1563.925481421822,17455.3,5.8047304
1563.9459158256723,17470.305,5.8049116
1563.966350229748,17470.664,5.804929
1563.986784634064,17463.27,5.8032994
1564.0072190386127,17467.2,5.804659
1564.027653443387,17457.658,5.803071
1564.0480878484013,17463.203,5.805278
1564.0685222535321,17466.383,5.8041034
1564.0889567590057,17471.623,5.8051887
1564.1093910647178,17468.525,5.802218
1564.1298254706635,17468.365,5.8057537
1564.150259976719,17461.809,5.8020377
1564.1706942831297,17466.482,5.804551
1564.1911286896575,17466.129,5.804147
1564.211563196528,17457.824,5.802634
1564.2319975035207,17465.924,5.8028903
1564.252431910747,17471.33,5.80375
1564.272866418316,17465.512,5.8040414
1564.2933007260071,17465.496,5.8035464
1564.3137352339327,17466.283,5.803173
1564.334169642083,17454.94,5.8056555
1564.3546039504727,17468.898,5.8027835
1564.3750384590967,17468.115,5.803795
1564.3954728679455,17468.613,5.8068805
1564.4159072770344,17474.773,5.8040743
1564.4363416862398,17465.55,5.8076644
1564.456776095787,17464.44,5.804598
1564.4772106055752,17464.5,5.8065023
1564.497645015479,17462.404,5.804979
1564.5180793256077,17462.412,5.8070073
1564.5385138360944,17471.041,5.806426
1564.5589482466894,17456.582,5.803827
1564.5793825575238,17464.244,5.804235
1564.5998170685925,17472.545,5.8064528
1564.6202514800098,17473.463,5.8074813
1564.640685791419,17464.59,5.804923
1564.6611203031862,17465.725,5.8052564
1564.6815546151847,17459.074,5.801861
1564.7019891274103,17470.379,5.8021283
1564.7224235398753,17468.469,5.8024197
1564.742857852456,17467.04,5.8037205
1564.76329236538,17463.666,5.8019123
1564.783726778427,17462.773,5.8051085
1564.8041610917062,17460.229,5.805099
1564.8245956053288,17463.182,5.8057694
1564.8450300190743,17469.941,5.805516
1564.8654645330462,17465.33,5.8043633
1564.8858988472566,17461.059,5.805523
1564.9063332617006,17472.809,5.8064065
1564.9267677762546,17463.715,5.8034444
1564.9472020911635,17470.098,5.8059726
1564.967636506306,17470.227,5.8041897
1564.9880710215584,17464.008,5.8017683
1565.0085053371658,17472.264,5.805538
1565.0289397528904,17472.438,5.8059745
1565.0493742688413,17470.846,5.802488
1565.0698086850316,17457.887,5.801455
1565.0902431014547,17461.135,5.804024
1565.1106775181033,17465.824,5.805254
1565.131111934992,17479.496,5.8061213
1565.1515463521137,17465.244,5.8040166
1565.1719807694608,17469.455,5.806643
1565.1924151869316,17468.791,5.8064666
1565.212849704636,17461.941,5.8052545
1565.233284022681,17463.799,5.804172
1565.253718540851,17465.217,5.8044043
1565.2741529592531,17474.195,5.8069205
1565.29458727788,17460.992,5.803535
1565.3150217967486,17466.916,5.804796
1565.3354561158485,17462.57,5.8035345
1565.3558905350583,17464.49,5.8038845
1565.3763250546253,17459.1,5.802021
1565.3967593744237,17464.318,5.8036833
1565.417193794332,17464.457,5.8088074
1565.4376283144811,17465.71,5.8063817
1565.4580626348616,17466.459,5.8076615
1565.478497155469,17464.4,5.8048177
1565.498931576316,17477.082,5.8045397
1565.519365897395,17462.133,5.807748
1565.5398004185845,17477.479,5.8074417
1565.5602348401299,17467.605,5.8059688
1565.5806692617916,17459.844,5.8042817
1565.6011036837954,17473.477,5.804004
1565.6215381059228,17460.303,5.8045883
1565.6419726282766,17470.727,5.8052096
1565.662406950869,17471.045,5.803159
1565.6828413736948,17458.174,5.80341
1565.703275896638,17463.646,5.8049784
1565.7237103199222,17456.426,5.8045816
1565.7441446433295,17469.098,5.803113
1565.7645791670802,17460.062,5.804719
1565.785013590954,17458.664,5.8048215
1565.8054480150604,17463.88,5.806128
1565.8258824393997,17457.174,5.8049693
1565.8463168638482,17458.04,5.8057237
1565.866751388654,17458.604,5.8067813
1565.8871857136837,17456.205,5.8027782
1565.907620138838,17458.533,5.805588
1565.9280546642258,17467.102,5.80649
1565.9484889898376,17460.814,5.804557
1565.9689234156904,17463.504,5.805567
1565.989357841776,17461.936,5.8044066
1566.009792268087,17467.484,5.8045664
1566.0302267945226,17466.727,5.805379
1566.050661121306,17469.781,5.8061733
1566.071095548199,17464.213,5.806365
1566.0915300753331,17466.184,5.805265
1566.1119644026985,17457.486,5.8049498
1566.1323988302902,17453.205,5.8040967
1566.1528333581227,17468.252,5.807655
1566.1732676860702,17464.643,5.8050003
1566.193702214361,17472.809,5.8090158
1566.214136642775,17465.494,5.8047705
1566.234570971421,17456.068,5.8048353
1566.255005500294,17466.666,5.8067684
1566.2754399294063,17458.447,5.806171
1566.295874358635,17469.588,5.806848
1566.3163087882058,17462.613,5.8075366
1566.3367432179002,17467.363,5.8045406
1566.3571776478275,17467.562,5.805868
1566.377612177981,17469.713,5.807306
1566.3980465083732,17464.264,5.8053913
1566.4184810389997,17463.799,5.8050756
1566.438915469851,17468.16,5.8065853
1566.4593498008253,17452.1,5.8054113
1566.4797843320266,17456.95,5.804006
1566.5002187634673,17456.63,5.802591
1566.52065309514,17477.035,5.806375
1566.541087627047,17453.236,5.805175
1566.561522059179,17457.8,5.8058734
1566.5819564914345,17470.11,5.8064704
1566.6023909239157,17464.328,5.8059387
1566.6228252566361,17456.547,5.8056474
1566.643259789591,17461.516,5.8067923
1566.6636942227778,17462.438,5.805598
1566.7045630897264,17465.547,5.806356
1566.7249975234881,17452.867,5.8050146
1566.7454319576063,17455.273,5.8056793
1566.7658663917246,17459.082,5.805484
1566.786300826192,17459.928,5.805576
1566.8067353608858,17466.25,5.807751
1566.8271696957017,17462.6,5.8045974
1566.847604130744,17463.629,5.8077335
1566.8680386660271,17466.709,5.8070197
1566.8884731015423,17464.463,5.8056903
1566.9089074372896,17456.396,5.8064003
1566.9293419731475,17465.13,5.8071327
1566.9497764093612,17466.184,5.8066583
1566.970210845684,17467.8,5.807648
1566.990645282247,17461.945,5.805402
1567.0110797190428,17453.617,5.804521
1567.0315141559477,17461.338,5.8072824
1567.051948593209,17459.68,5.80542
1567.072383030587,17461.432,5.8064137
1567.092817568191,17462.129,5.8058143
1567.1132519060338,17472.246,5.806917
1567.1336864439945,17458.725,5.8052707
1567.1541208822964,17463.146,5.807452
1567.1745552207212,17468.021,5.807033
1567.1949897593804,17460.383,5.8066134
1567.2154241982644,17462.191,5.8060355
1567.2358585373877,17455.61,5.807613
1567.256293076629,17455.438,5.807241
1567.2767274162106,17463.879,5.8072753
1567.2971618559168,17466.643,5.8079686
1567.3175963958565,17469.012,5.808492
1567.3380307359039,17462.027,5.8062525
1567.3584652763093,17458.52,5.806125
1567.3788997168303,17459.717,5.806814
1567.3993340575762,17465.725,5.8059287
1567.4197685985637,17452.438,5.802445
1567.4402030397832,17464.898,5.8077006
1567.460637481112,17467.764,5.808692
1567.4810719227971,17460.5,5.8060465
1567.5015063645988,17452.518,5.806631
1567.5219409066267,17452.424,5.8051357
1567.5423752487768,17465.283,5.807065
1567.562809691277,17462.502,5.806796
1567.583244233887,17459.691,5.8067703
1567.6036786767363,17448.908,5.805213
1567.6241130198177,17459.654,5.8057227
1567.6445475631263,17455.422,5.807474
1567.6649820065577,17458.0,5.805844
1567.6854163502212,17466.479,5.805451
1567.7058508941118,17462.832,5.8059077
1567.7262853382417,17467.998,5.807611
1567.7467198824816,17450.986,5.806774
1567.7671542270764,17468.03,5.8076854
1567.7875886717884,17463.879,5.8054433
1567.8080232167267,17455.707,5.808233
1567.8284575617872,17464.01,5.8073635
1567.8488920071977,17471.357,5.808584
1567.8693265527181,17460.027,5.8061585
1567.889760898477,17463.479,5.8085084
1567.9101954444704,17456.734,5.8034034
1567.9306297906878,17477.201,5.807392
1567.9510642370296,17453.479,5.805153
1567.971498783605,17463.951,5.8068295
1567.9919331304118,17468.172,5.8041296
1568.0123675774448,17463.29,5.8055983
1568.0328021246023,17464.773,5.8056564
1568.0532364719838,17459.012,5.8068085
1568.0736709196062,17465.303,5.806329
1568.0941054674622,17462.604,5.8042603
1568.1145399154266,17466.252,5.8047614
1568.1349743637475,17452.625,5.8072205
1568.1554088121848,17459.549,5.803738
1568.1758432607312,17472.31,5.8082786
1568.1962777096342,17456.48,5.805823
1568.2167121586535,17467.643,5.8064837
1568.2371466078985,17460.26,5.806321
1568.2575811573843,17471.988,5.8056016
1568.2780155070432,17454.803,5.804348
1568.2984500569291,17447.541,5.805916
1568.3188845069963,17452.033,5.8024507
1568.3393188572954,17462.234,5.8040986
1568.3597534078217,17460.578,5.802288
1568.380187858471,17465.11,5.8040614
1568.4006222093522,17458.26,5.804416
1568.4210567604605,17472.184,5.805723
1568.4414912118082,17459.994,5.8042936
1568.4619255632715,17471.39,5.8050275
1568.482360114962,17461.83,5.804079
1568.5027945668917,17454.969,5.8022466
1568.5232291190478,17461.732,5.8053613
1568.543663471326,17456.377,5.8043723
1568.564097823837,17467.555,5.803352
1568.5845323765825,17447.082,5.8031106
1568.6049668295527,17463.676,5.8036985
1568.6254012826466,17468.291,5.806259
1568.645835735966,17461.441,5.8066735
1568.6662701895257,17461.844,5.803604
1568.6867047432606,17460.156,5.803753
1568.707139097227,17470.402,5.8080435
1568.7275735513613,17460.324,5.805686
1568.7480081057365,17464.498,5.8019757
1568.7684425602783,17452.816,5.802673
1568.7888769150013,17473.076,5.803315
1568.8093114699586,17453.342,5.801382
1568.8297459251407,17456.797,5.807101
1568.8501803805048,17466.043,5.80442
1568.8706148360434,17457.615,5.803431
1568.8910492918076,17456.76,5.8029475
1568.9114838478126,17469.283,5.8024607
1568.9319182039326,17455.727,5.803307
1568.952352660337,17466.633,5.804742
1568.972787216866,17455.803,5.803178
1568.9932215736262,17454.15,5.802639
1569.0136560306128,17464.984,5.8049893
1569.034090587782,17467.287,5.8023615
1569.0545249451825,17461.588,5.804336
1569.0749595027519,17458.13,5.8024507
1569.0953939605024,17456.957,5.806687
1569.115828318485,17452.986,5.8022184
1569.1362628766365,17460.107,5.8025856
1569.1566973350273,17470.43,5.804108
1569.177131693592,17458.898,5.804779
1569.1975662523837,17454.738,5.8025436
1569.2180006113558,17463.496,5.806052
1569.238435170504,17458.85,5.8043003
1569.2588696298772,17447.62,5.8051476
1569.2793039894314,17464.725,5.8046346
1569.29973854922,17473.969,5.807366
1569.320173009175,17469.652,5.8051043
1569.3406074693703,17465.191,5.8052306
1569.3610419297402,17459.611,5.804987
1569.3814763902774,17464.312,5.8047557
1569.4019108510547,17471.89,5.8060746
1569.4223453120067,17453.152,5.8023105
1569.4427797731842,17463.562,5.806315
1569.4632143345443,17458.354,5.803026
1569.4836487961293,17463.51,5.803262
1569.5040831578954,17462.133,5.8052106
1569.5245177198376,17453.955,5.805583
1569.544952182012,17467.932,5.8049126
1569.5653865443528,17462.625,5.805678
1569.5858211068771,17458.578,5.8065834
1569.6062555696262,17461.646,5.8072805
1569.626690132558,17470.45,5.8037977
1569.647124495721,17459.447,5.8031178
1569.6879935226243,17467.576,5.8050485
1569.7084278863695,17468.271,5.8071356
1569.7288623502827,17467.127,5.8086376
1569.7492969144369,17454.43,5.804995
1569.7697312787059,17450.717,5.803926
1569.7901657432667,17465.85,5.8072014
1569.8106003079956,17461.002,5.8016424
1569.831034672905,17416.29,5.8025966
1569.851469237983,17433.445,5.8026314
1569.8719036032999,17431.178,5.803026
1569.8923380688502,17429.137,5.8031173
1569.9127726345105,17443.088,5.803027
1569.9332070004093,17467.35,5.805386
1569.9536414665417,17458.07,5.804892
1569.974076032784,17460.203,5.8074913
1569.994510499324,17454.666,5.8030796
1570.0149449659802,17466.8,5.804185
1570.035379432862,17454.809,5.8034916
1570.0558138999259,17457.713,5.8037853
1570.0762483672224,17459.357,5.806248
1570.0966828346282,17449.465,5.804988
1570.1171173023322,17458.992,5.804341
1570.1375518701534,17460.592,5.8052516
1570.1579862381986,17456.846,5.8065524
1570.1784208064273,17463.47,5.80571
1570.198855274888,17462.305,5.806855
1570.2192896435154,17463.166,5.804496
1570.239724212326,17467.557,5.8062963
1570.260158681369,17457.69,5.805429
1570.2805930505783,17462.744,5.808895
1570.3010276199711,17454.814,5.8049054
1570.321462089596,17460.174,5.805818
1570.3418964593875,17466.574,5.8073306
1570.3623310293624,17462.242,5.8075004
1570.3827654995694,17461.764,5.8052077
1570.4031999699437,17446.36,5.8069944
1570.4236344404999,17462.723,5.80617
1570.444068911289,17458.277,5.807617
1570.464503382187,17458.85,5.8059597
1570.4849378533836,17462.846,5.8082423
1570.5053723246965,17465.885,5.807438
1570.525806796235,17446.135,5.8069196
1570.5462412679553,17454.66,5.8052125
1570.566675839902,17460.28,5.8078284
1570.587110212029,17465.072,5.8081994
1570.6075446843315,17459.844,5.805472
1570.6279792568093,17461.264,5.806763
1570.648413729512,17464.264,5.8072305
1570.6688481023957,17456.771,5.8066287
1570.6892826754483,17459.588,5.8073053
1570.7097171487403,17459.068,5.8077106
1570.7301515222061,17458.713,5.8081083
1570.7505860958481,17476.11,5.807221
1570.7710205696567,17458.865,5.805211
1570.7914551437061,17468.436,5.8076253
1570.8118895179214,17457.822,5.8071995
1570.8323239923193,17462.543,5.8064957
1570.8527585669508,17471.717,5.808931
1570.8731929417554,17454.682,5.8048844
1570.8936274167281,17463.41,5.8089695
1570.9140619918835,17454.191,5.806543
1570.934496367263,17460.107,5.8071322
1570.9549309428257,17453.213,5.8049335
1570.9753654185624,17463.232,5.8074145
1570.9957997945312,17460.05,5.8079805
1571.0162343706688,17458.924,5.8072896
1571.0366688469876,17458.088,5.8050294
1571.057103223473,17445.559,5.805777
1571.0775378002,17455.902,5.80686
1571.0979722771008,17447.03,5.805546
1571.1184066541682,17469.355,5.806847
1571.138841231419,17462.549,5.80521
1571.159275708902,17463.775,5.808744
1571.1797101865523,17464.51,5.807928
1571.2001446643844,17456.049,5.807659
1571.2205791423912,17457.223,5.8087335
1571.2410136206236,17456.246,5.8089814
1571.2614480990378,17467.553,5.809336
1571.2818825776267,17461.799,5.8077025
1571.302317056383,17464.168,5.80634
1571.3227515353792,17449.299,5.804515
1571.343186114551,17458.979,5.8056917
1571.3636205938892,17459.049,5.8067956
1571.3840549734086,17459.885,5.8060117
1571.4044895531551,17460.107,5.808263
1571.4249240330246,17464.504,5.808225
1571.445358413126,17463.43,5.8057942
1571.465792993462,17467.082,5.808151
1571.4862274739062,17464.787,5.809689
1571.5066618545316,17463.762,5.8091226
1571.527096435384,17463.076,5.8078213
1571.5475309164758,17457.105,5.8075805
1571.5679654976848,17451.695,5.8073316
1571.5883998790669,17452.547,5.8078976
1571.6088343606752,17457.729,5.8081474
1571.6292689424663,17459.873,5.8093076
1571.6497033244232,17471.246,5.809141
1571.670137806621,17464.217,5.8088403
1571.6905723889358,17453.89,5.808574
1571.711006771482,17461.098,5.808149
1571.7314413541972,17465.41,5.8100967
1571.7518758370934,17460.621,5.808819
1571.7723102202144,17469.611,5.8099833
1571.7927448034607,17495.855,5.8172994
1571.813179286939,17465.414,5.8088493
1571.8336136705911,17462.738,5.808465
1571.8540482544122,17458.75,5.8089843
1571.8744827384144,17458.248,5.805828
1571.8949171226413,17467.79,5.8082232
1571.9153517070517,17454.45,5.8059726
1571.935786191636,17459.838,5.8081846
1571.9562207763884,17465.838,5.8099008
1571.976655161321,17469.09,5.8069158
1571.9970896464292,17456.473,5.806707
1572.0175242317637,17466.516,5.810272
1572.0379586172785,17448.824,5.807729
1572.0583931029687,17458.56,5.809279
1572.078827688827,17463.34,5.8078666
1572.0992620748657,17453.05,5.8073587
1572.1196966611387,17464.738,5.806344
1572.1401311475202,17472.334,5.8104115
1572.160565534141,17473.95,5.8079176
1572.1810001209378,17461.463,5.807087
1572.2014346079013,17463.219,5.8064394
1572.221868995046,17470.086,5.8072214
1572.242303582425,17467.977,5.808667
1572.2627380699123,17475.576,5.809719
1572.2831725576398,17447.496,5.8046484
1572.3036070455419,17460.852,5.8076224
1572.3240415336113,17464.988,5.8067546
1572.3444760218626,17464.322,5.8082395
1572.3649105102886,17460.271,5.805931
1572.3853449989401,17474.582,5.8073273
1572.4057794877153,17452.574,5.807102
1572.4262139767234,17462.877,5.808627
1572.4466484658988,17461.871,5.809117
1572.467082955256,17464.764,5.805802
1572.487517444788,17464.066,5.805083
1572.507952034488,17461.924,5.806841
1572.5283865244273,17453.156,5.807173
1572.5488209144823,17453.654,5.805251
1572.5692555047644,17464.898,5.809223
1572.5896899951695,17457.658,5.8077445
1572.6101243858066,17456.678,5.806673
1572.6305589766125,17466.027,5.805259
1572.6714278588188,17468.807,5.8087177
1572.6918624501486,17455.463,5.808814
1572.7122969416596,17453.773,5.807816
1572.7327315333969,17474.592,5.8094263
1572.7531659252563,17462.479,5.809661
1572.7736004173494,17452.318,5.805918
1572.7940350096105,17454.021,5.8090615
1572.814469402052,17450.938,5.808845
1572.834903894669,17460.502,5.808421
1572.855338487454,17470.822,5.812666
1572.8757728804194,17457.648,5.808392
1572.8962074736191,17460.723,5.809008
1572.9166419669273,17455.777,5.8107805
1572.9370763604747,17459.225,5.808397
1572.9575109541402,17461.63,5.808935
1572.9779454480304,17451.062,5.807403
1572.9983799421025,17466.904,5.809027
1573.0188144363492,17455.1,5.8083453
1573.0392489307633,17463.8,5.810105
1573.0596833253003,17463.73,5.809876
1573.0801179201299,17455.781,5.807599
1573.1005524150678,17465.566,5.8085737
1573.1209869101876,17461.322,5.808241
1573.141421405482,17464.557,5.810916
1573.1618559010021,17464.93,5.8088317
1573.1822904966466,17459.98,5.809647
1573.2027248925224,17469.463,5.809776
1573.223159388508,17468.535,5.8104258
1573.2435939847346,17452.541,5.8080792
1573.2640283811343,17460.521,5.8077836
1573.2844629776446,17467.207,5.8092303
1573.3048974743942,17463.006,5.8098564
1573.3253318713178,17470.643,5.808828
1573.3457664684101,17456.18,5.809083
1573.3662009656837,17457.277,5.806869
1573.386635363131,17457.504,5.8085394
1573.4070699607473,17467.748,5.8091917
1573.4275044585447,17455.354,5.806671
1573.447938856516,17465.525,5.8090467
1573.468373454656,17466.248,5.807228
1573.4888079529774,17461.113,5.808723
1573.5092425515322,17469.51,5.806971
1573.5296769501947,17457.043,5.808356
1573.5501114490398,17460.623,5.807444
1573.570546048053,17454.883,5.8072457
1573.590980447305,17450.375,5.8060813
1573.611414946674,17463.393,5.8066826
1573.6318495462765,17464.51,5.8055367
1573.6522840459875,17470.365,5.808212
1573.6727185459386,17466.205,5.8068976
1573.6931530459988,17460.387,5.8093324
1573.7135874462401,17464.926,5.8068576
1573.7340220467158,17467.135,5.8075714
1573.7544565473072,17457.588,5.806366
1573.7748909481234,17465.2,5.8060536
1573.795325549123,17451.951,5.806485
1573.815760050231,17457.346,5.8059874
1573.8361944515782,17466.979,5.8073473
1573.8566290530434,17463.504,5.807815
1573.8770635547335,17458.188,5.805561
1573.897498156548,17449.92,5.8060656
1573.9179325585937,17458.033,5.803632
1573.9383670607494,17459.893,5.804724
1573.958801663146,17457.77,5.8068433
1573.9792360656575,17461.6,5.80747
1573.9996705683952,17463.656,5.806375
1574.0201051713157,17456.963,5.8029256
1574.040539574351,17469.154,5.806759
1574.0609741775552,17470.064,5.8066397
1574.0814086809987,17472.79,5.805963
1574.101843084558,17453.332,5.804661
1574.1222776883442,17447.285,5.804097
1574.1427121922534,17453.848,5.8070426
1574.1631466963954,17462.26,5.8059444
1574.1835812006466,17467.719,5.806954
1574.2040157050797,17459.805,5.804875
1574.2244502097456,17452.19,5.806373
1574.2448847145206,17464.443,5.803593
1574.2653192194775,17455.69,5.8015084
1574.285753724609,17456.549,5.8043003
1574.3061883299088,17453.258,5.8050756
1574.3266227353888,17452.143,5.8033295
1574.3470572410442,17457.88,5.801181
1574.3674917469252,17456.592,5.8052144
1574.3879262528717,17459.48,5.805618
1574.4083608590445,17458.334,5.804847
1574.4287952653976,17461.818,5.802677
1574.449229871927,17456.66,5.8035717
1574.4696643786301,17458.928,5.8041635
1574.4900987854417,17457.338,5.8019705
1574.5105333924948,17462.643,5.8025875
1574.5309678997146,17455.387,5.807283
1574.5514023070573,17465.191,5.803124
1574.5718369146343,17459.477,5.8072104
1574.592271422327,17458.812,5.803276
1574.6127060301878,17458.916,5.8046536
1574.6331404382872,17453.416,5.804298
1574.6535749464965,17451.184,5.800614
1574.6740095548885,17464.004,5.804616
1574.6944439634535,17456.479,5.8062763
1574.714878472194,17464.434,5.803487
1574.7353130811025,17468.375,5.802563
1574.7557474901332,17459.121,5.802578
1574.7761819993902,17457.715,5.804471
1574.79661660883,17464.361,5.803283
1574.8170511183853,17459.703,5.8044887
1574.8374856281662,17459.947,5.803923
1574.8579201380708,17458.459,5.805186
1574.87835464815,17463.705,5.8075666
1574.8987891583965,17474.412,5.8084126
1574.9192236688832,17459.305,5.8059297
1574.9396581794863,17466.146,5.8018856
1574.9600926901985,17462.707,5.8053193
1574.9805272011508,17454.592,5.8034396
1575.0009617122778,17471.826,5.806691
1575.0213962235139,17453.713,5.8047113
1575.04183073499,17458.285,5.8072176
1575.0622653465834,17468.55,5.805679
1575.0826997583426,17459.682,5.8040085
1575.1031342703427,17451.273,5.8017836
1575.1235688824017,17461.434,5.8046904
1575.1440032946848,17463.303,5.8063083
1575.1644378071505,17460.363,5.803806
1575.1848724197916,17460.613,5.8039136
1575.2053068325404,17459.418,5.803428
1575.2257414455307,17464.74,5.8050995
1575.2461759586367,17459.422,5.80475
1575.2666103719093,17452.059,5.8029246
1575.2870449853654,17472.098,5.808011
1575.3074794989952,17468.135,5.805316
1575.3279139127335,17451.727,5.8055515
1575.3483485267134,17465.105,5.8033404
1575.3687830408671,17458.94,5.8034654
1575.3892176551308,17449.396,5.801553
1575.4096520695748,17458.773,5.807823
1575.4300865841942,17459.541,5.8055515
1575.4505211989817,17463.355,5.806624
1575.4709557138922,17458.154,5.808157
1575.4913901290347,17449.896,5.8071494
1575.5118247442879,17461.094,5.80479
1575.5322592597804,17454.854,5.8070884
1575.5526936753886,17468.494,5.8047132
1575.5731282911656,17463.283,5.80563
1575.5935628070656,17452.064,5.806699
1575.6139973231911,17458.969,5.8038974
1575.6548662559217,17471.787,5.808216
1575.675300872521,17464.56,5.808909
1575.6957353892867,17458.11,5.8057895
1575.7161698062337,17456.322,5.8091183
1575.7366044232913,17460.762,5.808357
1575.7570389405882,17453.254,5.8099623
1575.7774735580024,17454.355,5.807973
1575.7979079755896,17461.703,5.8088393
1575.818342493345,17453.654,5.8091917
1575.838777111283,17470.373,5.808958
1575.8592115293286,17463.043,5.808076
1575.879646047557,17449.547,5.8065968
1575.9000806660188,17455.262,5.8081536
1575.9205150845955,17462.078,5.80829
1575.9409496032822,17456.975,5.808549
1575.9613842222097,17466.924,5.807712
1575.981818641245,17464.113,5.809212
1576.0022532604635,17464.645,5.807232
1576.022687779856,17467.598,5.8090115
1576.0431222994157,17458.717,5.809617
1576.0635568190992,17455.48,5.805769
1576.0839913390155,17467.422,5.807104
1576.104425859041,17454.12,5.808279
1576.1248603792483,17462.156,5.8087864
1576.1452948996302,17458.602,5.807413
1576.1657294201214,17454.492,5.806374
1576.1861640407951,17462.832,5.807546
1576.206598461642,17463.129,5.8086615
1576.2270330826577,17457.023,5.8055353
1576.2474676038546,17466.723,5.809409
1576.2679020251671,17467.639,5.808359
1576.2883366466485,17461.154,5.805579
1576.3087710683103,17457.145,5.807391
1576.3292055901475,17449.867,5.805606
1576.3496402120945,17460.236,5.807703
1576.3700746342802,17460.715,5.7866483
1576.3905092565838,17458.23,5.8065233
1576.410943779054,17467.314,5.8090386
1576.431378201647,17460.58,5.8081627
1576.4518128244163,17453.223,5.807368
1576.472247347352,17460.549,5.8097043
1576.492681770469,17465.498,5.808404
1576.5131163937622,17464.31,5.807465
1576.5335509171637,17470.418,5.8088655
1576.553985440747,17461.268,5.8065243
1576.5744199644978,17463.361,5.8082438
1576.5948544883722,17466.451,5.809437
1576.6152891124802,17450.936,5.8078136
1576.635723536645,17478.02,5.809531
1576.656158061036,17464.924,5.80849
1576.6765926856096,17469.744,5.8090487
1576.6970272102917,17462.006,5.8110785
1576.717461635155,17460.637,5.8080907
1576.7378962601942,17467.67,5.8087134
1576.758330785342,17458.453,5.8077636
1576.7787653106716,17462.346,5.8084917
1576.7991998361758,17452.893,5.808063
1576.8196343618474,17458.764,5.807825
1576.8400689876435,17463.648,5.811273
1576.8605034136126,17455.121,5.8085537
1576.8809379397499,17462.168,5.808669
1576.9013725660116,17456.053,5.8076496
1576.9218069924464,17464.084,5.8079944
1576.9422415190493,17471.979,5.8099694
1576.962676045834,17489.844,5.813814
1576.9831105727353,17462.797,5.807537
1577.0035451998046,17458.629,5.808426
1577.0239796270544,17473.57,5.810259
1577.0444141544212,17466.168,5.808986
1577.0648487819562,17460.71,5.8079567
1577.0852832096716,17460.293,5.8073254
1577.1057177375042,17472.096,5.808715
1577.126152365563,17470.527,5.8087707
1577.1465867936859,17455.742,5.8069186
1577.167021422043,17454.67,5.8070245
1577.1874559505086,17463.629,5.8078876
1577.2078903791553,17466.785,5.8092084
1577.2283250079781,17458.117,5.8094716
1577.2487595369093,17459.877,5.808784
1577.2691940660225,17457.91,5.808986
1577.2896285953102,17459.219,5.808567
1577.310063124707,17469.096,5.8092833
1577.3304976542859,17470.05,5.809898
1577.35093228404,17460.775,5.8097754
1577.3713667139018,17459.664,5.8079047
1577.391801343947,17466.709,5.808096
1577.4122358741588,17458.533,5.8082004
1577.4326703044935,17468.035,5.8094783
1577.4531049350044,17453.068,5.808573
1577.473539465689,17473.76,5.8089004
1577.4939738964822,17455.305,5.807976
1577.5144085274587,17459.854,5.806149
1577.5348430586018,17458.227,5.808188
1577.5552775898686,17457.033,5.807491
1577.57571212131,17462.05,5.8078537
1577.5961465529253,17466.635,5.8089123
1577.6165811846513,17465.389,5.807742
1577.6370157165584,17456.715,5.808538
1577.6574501485811,17482.521,5.810686
1577.6778847807727,17463.477,5.8100634
1577.6983193131455,17468.191,5.8091245
1577.7187538456928,17454.93,5.809298
1577.7391883783494,17474.617,5.8092055
1577.7596229111878,17462.201,5.8098474
1577.780057544136,17468.451,5.8090806
1577.8004919772648,17462.75,5.810883
1577.8209265105106,17466.115,5.810301
1577.8413611439828,17462.0,5.80859
1577.861795677578,17453.871,5.807657
1577.8822301112887,17466.6,5.8097706
1577.9026647451683,17472.137,5.8101797
1577.923099279229,17467.064,5.809942
1577.9435338134062,17461.205,5.807191
1577.9639683477508,17463.355,5.8105264
1577.9844028822772,17470.826,5.808706
1578.00483741692,17461.73,5.809246
1578.025271951672,17461.566,5.8099165
1578.0457064866641,17466.857,5.8102665
1578.0661411217734,17463.02,5.808119
1578.0865755569903,17470.69,5.809478
1578.107010092448,17466.223,5.8084455
1578.1274447279648,17461.783,5.807553
1578.1478791637055,17462.416,5.8086343
1578.1683137995715,17463.742,5.8097644
1578.188748335553,17475.508,5.807823
1578.2091827717013,17474.576,5.8094926
1578.229617408033,17461.533,5.8080316
1578.2500518444795,17462.068,5.8084884
1578.270486381094,17451.998,5.8061323
1578.2909210178914,17469.16,5.8091235
1578.3113554548036,17464.854,5.8084908
1578.3317900918264,17476.268,5.8091135
1578.3522246290886,17456.564,5.805111
1578.3726590664082,17467.457,5.807279
1578.393093703955,17453.414,5.804757
1578.4135282416246,17465.81,5.8066216
1578.4339627794106,17458.896,5.8038726
1578.454397317364,17455.318,5.805469
1578.4748318554994,17466.47,5.8074536
1578.495266393751,17466.229,5.806444
1578.5157009321701,17456.963,5.80622
1578.536135470713,17472.35,5.808623
1578.556570109431,17468.389,5.8076534
1578.5770046482576,17476.71,5.8069315
1578.5974390872652,17459.168,5.806722
1578.6383082657412,17463.15,5.805653
1578.6587427052145,17457.178,5.8085604
1578.6791773448058,17454.594,5.806453
1578.6996118845636,17463.768,5.807189
1578.7200463244444,17461.025,5.808151
1578.740480964494,17467.719,5.806548
1578.7609155046666,17448.586,5.8075347
1578.7813501450146,17454.885,5.806992
1578.8017845854774,17465.928,5.8053026
1578.8222191261084,17466.174,5.8062024
1578.842653766922,17462.115,5.8061175
1578.8630882078432,17466.725,5.807021
1578.883522748889,17461.236,5.805245
1578.9039572901092,17468.705,5.807927
1578.9243918315042,17460.346,5.805131
1578.944826473009,17461.59,5.804281
1578.965260914636,17468.75,5.8056393
1578.9856954564311,17459.303,5.805966
1579.006130098409,17464.037,5.806005
1579.0265645405016,17453.697,5.804582
1579.0469990827623,17460.56,5.805767
1579.0674337251476,17476.885,5.808553
1579.0878682676484,17461.182,5.8063245
1579.1083027103741,17456.133,5.8030686
1579.1287373531668,17449.184,5.8024073
1579.1491718961915,17471.879,5.8034596
1579.1696064392672,17474.322,5.8067393
1579.1900409825248,17461.305,5.8066545
1579.210475525957,17465.488,5.8058085
1579.230910169499,17455.979,5.8046126
1579.2513446132216,17474.05,5.8044553
1579.2717791570612,17457.768,5.803321
1579.2922138010108,17460.602,5.803939
1579.3126482451407,17465.256,5.8070107
1579.3330828894395,17469.734,5.8057075
1579.3535174338613,17462.6,5.80454
1579.3739518784278,17462.379,5.8054
1579.3943865231413,17467.355,5.8056216
1579.4148210679923,17471.277,5.8046613
1579.4352555129954,17459.836,5.8029513
1579.4556901581382,17457.742,5.800756
1579.476124703433,17460.22,5.8019032
1579.4965591488435,17460.568,5.801668
1579.5169937944302,17458.328,5.803404
1579.5374282401244,17467.455,5.8031106
1579.557862886002,17464.746,5.8053036
1579.5782974319882,17457.918,5.801641
1579.598731978127,17468.592,5.8038306
1579.6191665244405,17452.012,5.8013177
1579.6396010708704,17463.13,5.801707
1579.6600356174386,17464.967,5.8033247
1579.6804701641595,17473.287,5.8057704
1579.7009047109896,17463.656,5.802227
1579.7213393580314,17464.34,5.803448
1579.7417739051598,17459.195,5.804445
1579.762208352433,17461.799,5.8034244
1579.782642999875,17462.916,5.80226
1579.80307754744,17461.328,5.8021646
1579.8235119951423,17464.44,5.803076
1579.843946642999,17454.33,5.8004107
1579.8643811910006,17460.479,5.8036065
1579.8848156391177,17459.988,5.8002825
1579.9052502874038,17464.395,5.800669
1579.9256848358127,17482.072,5.807274
1579.9461194843607,17465.656,5.8031063
1579.966553933089,17460.752,5.799511
1579.9869884819345,17464.889,5.800747
1580.00742313089,17460.674,5.799055
1580.0278575800257,17459.715,5.8004107
1580.0482921292787,17447.395,5.800568
1580.0687267786707,17447.615,5.800615
1580.089161228214,17456.008,5.8004875
1580.1095957779035,17455.178,5.8010125
1580.130030427732,17456.691,5.8024163
1580.1504648776827,17470.27,5.8037944
1580.1708995278095,17457.537,5.8015037
1580.1913339780149,17459.791,5.79888
1580.211768528403,17464.5,5.800859
1580.2322031789372,17461.637,5.800997
1580.252637629579,17455.982,5.798289
1580.2730721804037,17471.701,5.8034897
1580.2935068313454,17459.793,5.8005795
1580.3139413823956,17467.645,5.803083
1580.3343759336276,17442.717,5.7994223
1580.354810484976,17466.14,5.8020053
1580.3752450364627,17449.637,5.8000183
1580.3956795881022,17453.36,5.8016286
1580.4161141398872,17455.021,5.7997084
1580.4365486917814,17450.277,5.7991114
1580.456983343829,17445.465,5.7993536
1580.4774177960207,17465.05,5.80423
1580.4978523483223,17458.516,5.798691
1580.5182870008066,17464.148,5.8012824
1580.5387214533766,17469.088,5.801506
1580.5591561061156,17462.445,5.7997184
1580.5795906590065,17462.857,5.801098
1580.600025112013,17463.473,5.79633
1580.6204597651595,17458.447,5.7997117
1580.6408943184288,17452.246,5.7979913
1580.661328771872,17456.443,5.7983418
1580.6817634254257,17458.086,5.7952466
1580.7021979791316,17463.938,5.8012185
1580.7226326329474,17449.488,5.7975736
1580.7430670869144,17456.27,5.7995777
1580.7635016410277,17456.531,5.797297
1580.783936295251,17460.686,5.799268
1580.8043707496545,17459.348,5.79713
1580.8248053041752,17457.176,5.8011074
1580.8452398588124,17461.182,5.7976933
1580.8656744135878,17463.957,5.797996
1580.886108968516,17458.092,5.7962
1580.9065435235825,17463.068,5.800845
1580.9269780787727,17461.197,5.79737
1580.947412734109,17463.559,5.7961736
1580.967847289554,17452.38,5.791825
1580.9882817451507,17462.219,5.799565
1581.0087164008946,17460.945,5.7962317
1581.029150956747,17458.295,5.798775
1581.0495854127512,17450.37,5.7975144
1581.0700200689025,17453.494,5.7976255
1581.0904546251622,17449.977,5.798033
1581.1108892815755,17459.016,5.796343
1581.1313237381037,17457.787,5.7948804
1581.1517582948,17456.75,5.7998147
1581.1721929516207,17464.582,5.800178
1581.1926274085563,17463.113,5.797417
1581.213061965631,17460.6,5.799813
1581.23349662283,17458.943,5.795936
1581.253931080173,17451.637,5.797181
1581.2743656376551,17453.395,5.7998033
1581.2948002952617,17450.602,5.7995563
1581.3152347530122,17456.99,5.7950597
1581.3356694109025,17466.928,5.800548
1581.3561039689157,17451.184,5.797657
1581.3765385270744,17458.15,5.7954984
1581.3969730853423,17443.857,5.79784
1581.417407643734,17451.129,5.7978287
1581.4378422023,17456.02,5.799019
1581.4582767609754,17464.766,5.7981024
1581.4787113197744,17470.992,5.80065
1581.499145878719,17470.564,5.8019724
1581.5195804377727,17456.287,5.801793
1581.5400149969792,17471.717,5.7995796
1581.5604495563312,17458.6,5.7902155
1581.5808841157923,17462.535,5.7785206
1586.8325630381878,17447.71,5.7342486
1586.8529977278085,17451.072,5.7318134
1586.873432217515,17456.336,5.746925
1586.8938669073323,17451.756,5.7441525
1586.9143014972578,17454.365,5.743967
1586.93473598727,17448.766,5.743708
1586.9551706773927,17453.03,5.736852
1586.975605267624,17455.025,5.7446995
1586.9960398579424,17454.691,5.751379
1587.0164744483554,17449.914,5.7462034
1587.0369090388922,17460.19,5.7499967
1587.057343729517,17459.348,5.7484217
1587.077778320243,17449.736,5.745937
1587.09821281107,17452.303,5.750348
1587.1186475020004,17445.564,5.753865
1587.1390820930246,17457.912,5.7512655
1587.15951658415,17456.64,5.7567835
1587.179951275386,17449.896,5.7545223
1587.2003858667085,17456.562,5.753674
1587.2208204581402,17451.273,5.757932
1587.2412550496665,17445.855,5.7532806
1587.2616895412866,17450.852,5.7571697
1587.2821242330174,17455.656,5.7598906
1587.3025588248493,17455.832,5.7539206
1587.3229933167531,17449.4,5.75909
1587.3434280087895,17444.01,5.7566614
1587.3638626009124,17462.033,5.761165
1587.384297293138,17452.314,5.7659516
1587.4047317854493,17458.662,5.76754
1587.4251663778778,17443.744,5.7614045
1587.4456010703943,17457.426,5.7662306
1587.4660355630112,17452.064,5.7691755
1587.5069048485384,17456.146,5.7731752
1587.527339341439,17458.201,5.7720385
1587.5477740344504,17456.076,5.7742486
1587.5682086275556,17456.143,5.77399
1587.5886432207699,17437.965,5.7741823
1587.609077814057,17450.96,5.774737
1587.6295124074677,17442.363,5.77304
1587.6499470009585,17443.64,5.7767835
1587.6703815945511,17451.258,5.7761602
1587.6908161882384,17445.895,5.779034
1587.7112508820428,17449.588,5.7775006
1587.7316853759112,17463.398,5.7774816
1587.7521199698967,17454.857,5.777243
1587.7725546639776,17451.377,5.7803373
1587.7929892581524,17453.525,5.783325
1587.813423752421,17454.967,5.7858567
1587.8338584468001,17448.543,5.7863235
1587.8542929412433,17451.113,5.7868824
1587.874727635819,17459.348,5.786641
1587.895162230474,17451.113,5.7850237
1587.9155967252154,17453.436,5.785444
1587.9360314200676,17459.738,5.7868323
1587.9564660150136,17459.588,5.7877455
1587.9769005100388,17458.797,5.786443
1587.997335205182,17462.355,5.7884965
1588.0177698004118,17448.412,5.787371
1588.0382042957208,17450.455,5.789411
1588.0586389911477,17449.545,5.7897224
1588.0790735866613,17448.176,5.789577
1588.0995082822774,17457.082,5.78922
1588.119942777972,17458.086,5.793435
1588.1403773737766,17467.184,5.792662
1588.1608120696692,17457.217,5.7889977
1588.1812465656549,17452.514,5.79246
1588.2016811617286,17462.719,5.790744
1588.2221158579123,17458.674,5.7921257
1588.2425503541745,17451.303,5.7918816
1588.26298505054,17460.83,5.7943306
1588.2834196469921,17462.07,5.7959805
1588.3038542435534,17456.979,5.7929835
1588.3242888401946,17465.322,5.7933774
1588.3447234369305,17453.84,5.792192
1588.365158033761,17460.768,5.7960553
1588.3855926306787,17459.18,5.795444
1588.406027227691,17454.467,5.79601
1588.4264618248126,17460.602,5.795686
1588.4468965220076,17456.148,5.7965975
1588.467331019303,17456.701,5.797162
1588.4877657166944,17460.354,5.7953563
1588.5082002141717,17466.691,5.797084
1588.528634811737,17454.082,5.7972574
1588.5490695094122,17461.338,5.7966037
1588.569504007166,17449.678,5.795825
1588.5899386050078,17459.426,5.7959366
1588.6103733029595,17450.984,5.7958064
1588.6308078009752,17455.947,5.79738
1588.6512424991088,17461.404,5.7981577
1588.6716770973217,17460.434,5.7959127
1588.6921115956284,17471.97,5.7982388
1588.712546294024,17462.328,5.7980523
1588.7329808925206,17448.305,5.7972097
1588.753415391082,17474.576,5.8003654
1588.7738500897685,17464.52,5.7957177
1588.7942846885271,17466.922,5.797786
1588.8147192873803,17459.379,5.797728
1588.8351538863208,17463.166,5.7987595
1588.8555884853631,17457.98,5.797011
1588.876023184479,17468.246,5.7992096
1588.8964576836952,17463.979,5.7992864
1588.9168922829995,17469.438,5.7988515
1588.937326982399,17459.697,5.796783
1588.957761581878,17459.803,5.7953134
1588.978196081458,17450.389,5.795829
1588.9986307811196,17460.883,5.7988772
1589.0190653808677,17452.205,5.797621
1589.0394998807096,17468.414,5.799565
1589.0599345806404,17461.197,5.798647
1589.080369180665,17445.389,5.7962337
1589.1008038807704,17459.777,5.7946653
1589.1212383809761,17455.465,5.7983994
1589.1416729812627,17456.588,5.7975254
1589.1621075816438,17459.021,5.79662
1589.1825421820977,17455.984,5.7960443
1589.2029766826527,17455.943,5.7964573
1589.2234113832965,17468.49,5.798983
1589.2438459840268,17462.223,5.7976646
1589.2642806848526,17450.203,5.7958155
1589.2847151857568,17461.945,5.797863
1589.3051497867418,17462.578,5.7971377
1589.3255844878295,17461.273,5.795559
1589.3460189889956,17454.227,5.7959642
1589.3664535902499,17460.895,5.796647
1589.3868882916067,17456.29,5.7945237
1589.4073227930276,17465.322,5.796735
1589.4277573945437,17447.014,5.79277
1589.4481920961553,17445.188,5.794414
1589.468626697846,17456.758,5.795298
1589.4890612996314,17455.492,5.792972
1589.5094959015041,17453.059,5.795964
1589.5299305034569,17458.887,5.792366
1589.5503651054896,17457.844,5.792074
1589.570799707617,17455.072,5.7934084
1589.5912343098316,17456.479,5.7924747
1589.6116690121344,17459.23,5.7940435
1589.6321035145083,17446.646,5.7912693
1589.652538116985,17458.053,5.7914023
1589.6729728195423,17453.508,5.79187
1589.6934073221782,17454.758,5.794397
1589.713842024903,17457.143,5.789772
1589.7342766277216,17444.12,5.791419
1589.7547111306194,17465.746,5.7926183
1589.775145833606,17462.797,5.788866
1589.795580436672,17457.314,5.7916927
1589.8160149398245,17462.834,5.791454
1589.8568841463857,17458.559,5.790304
1589.8773188497944,17452.092,5.7884893
1589.8977534532896,17462.273,5.788433
1589.9181879568569,17455.7,5.790982
1589.9386226605202,17449.562,5.7836003
1589.95905726427,17457.416,5.7917633
1589.979491768092,17449.865,5.7905965
1589.99992647201,17451.25,5.7847805
1590.020361076,17458.092,5.7871814
1590.0407956800918,17446.754,5.7858415
1590.0612302842492,17458.076,5.783694
1590.0816648884938,17459.379,5.788633
1590.1020995928338,17449.018,5.784872
1590.122534097245,17458.432,5.784751
1590.1429687017371,17458.06,5.785744
1590.1634034063172,17459.469,5.782944
1590.1838380109912,17451.492,5.785518
1590.2042725157226,17447.502,5.781869
1590.2247072205646,17462.395,5.782184
1590.2451418254714,17446.52,5.7852726
1590.2655763304574,17461.855,5.7838798
1590.2860110355396,17459.396,5.7859874
1590.3064456406937,17445.883,5.783188
1590.326880345936,17460.312,5.781461
1590.3473148512567,17455.88,5.784477
1590.3677494566655,17450.617,5.7812066
1590.388184162155,17443.883,5.7810483
1590.4086186677087,17454.715,5.783316
1590.4290532733503,17453.705,5.7816243
1590.4494878790865,17464.248,5.78448
1590.4699224848955,17448.21,5.7828994
1590.4903571907926,17453.299,5.783003
1590.5107916967609,17442.094,5.7830553
1590.5312263028172,17450.69,5.780529
1590.5516610089544,17472.082,5.779769
1590.57209551517,17458.508,5.7820354
1590.5925301214593,17453.451,5.7808194
1590.6129648278365,17452.758,5.7795725
1590.6333993342923,17450.137,5.7771583
1590.653833940829,17450.564,5.781784
1590.6742686474463,17463.383,5.78274
1590.694703254143,17450.445,5.7792788
1590.715137860927,17456.104,5.779813
1590.7355724677764,17448.781,5.777935
1590.7560070747131,17456.697,5.7780824
1590.77644168173,17452.305,5.7761636
1590.7968762888195,17464.035,5.783092
1590.8173108959963,17444.398,5.7749796
1590.837745603254,17457.549,5.775473
1590.8581801105756,17451.2,5.7778435
1590.8786147179853,17449.607,5.7767735
1590.8990494254904,17440.441,5.7744446
1590.9194839330448,17453.69,5.7766957
1590.9399186407027,17458.158,5.7742534
1590.9603532484252,17442.59,5.7783594
1590.9807877562198,17480.98,5.7619586
1591.0012224641105,17453.08,5.766168
