time,flux,flux_err
1559.2266339331327,,
1559.2470681419,32262.523,41.35606
1559.2675024507844,32318.91,41.34889
1559.2879368598078,32291.777,41.40639
1559.3083710689243,32286.617,41.358917
1559.328805378187,32316.412,41.381187
1559.3492397875598,32306.42,41.400402
1559.3696739970837,32206.77,41.364647
1559.3901084066965,32347.418,41.4354
1559.4105427164468,32311.465,41.419952
1559.4309770263208,32310.502,41.386086
1559.4514113363402,32290.508,41.363605
1559.4718456464689,32315.057,41.400925
1559.4922799567212,32304.738,41.40566
1559.51271426709,32413.658,41.398746
1559.5331485775969,32410.729,41.394657
1559.5535828882275,32192.01,41.44418
1559.5740171989746,32315.83,41.425602
1559.5944515098308,32307.39,41.41095
1559.6148858208398,32303.031,41.422676
1559.6353201319653,32274.285,41.401234
1559.6557544431998,32033.105,41.41653
1559.6761888545589,32414.1,41.43205
1559.6966230660328,32219.549,41.414017
1559.7170573776457,32343.217,41.401627
1559.737491789383,32363.295,41.444626
1559.7579260012353,32249.543,41.39304
1559.7783604131982,32269.084,41.39918
1559.7987947253132,32272.047,41.413925
1559.8192289375438,32231.559,41.4056
1559.839663349885,32376.936,41.41312
1559.8600976623493,32298.225,41.41925
1559.8805318749583,32150.506,41.45248
1559.9009662876779,32258.457,41.389435
1559.9214006004913,32106.086,41.401363
1559.9418350134438,32247.97,41.43023
1559.9622692265184,32359.172,41.454086
1559.9827035397393,32296.36,41.489613
1560.00313795307,32247.736,41.429096
1560.023572166494,32170.082,41.46299
1560.0440064800641,32063.64,41.418392
1560.0644408937733,32370.283,41.471756
1560.0848751075755,32214.371,41.42869
1560.1053095215102,32189.158,41.42736
1560.1257438355533,32245.516,41.431244
1560.1461780497193,32212.656,41.44865
1560.1666124640324,32194.217,41.43029
1560.1870467784393,32174.951,41.44341
1560.207480992969,32287.492,41.43549
1560.227915407646,32154.71,41.46407
1560.248349722402,32307.11,41.445263
1560.2687839373102,32251.828,41.454304
1560.2892183523363,32341.293,41.438583
1560.3096526674708,32203.318,41.431927
1560.330086982729,32233.719,41.45383
1560.3505212981036,32182.4,41.43604
1560.3709556136018,32259.555,41.4514
1560.3913900292246,32324.078,41.428585
1560.4118242449767,32292.986,41.481327
1560.4322585608243,32149.963,41.441006
1560.4526929768108,32159.312,41.431316
1560.4731271929122,32343.105,41.456085
1560.4935616091243,32189.229,41.419075
1560.5139959254739,32214.098,41.426815
1560.5344301419245,32337.26,41.46509
1560.5548645585004,32315.473,41.43121
1560.5752988751992,32110.088,41.43599
1560.5957330920137,32289.916,41.462574
1560.6161675089388,32295.336,41.430023
1560.6366018260014,32402.156,41.452717
1560.6570361431804,32225.465,41.439835
1560.6774704604686,32125.002,41.470543
1560.6979047778805,32351.363,41.482964
1560.7387734130461,32346.01,41.46732
1560.7592077308218,32258.084,41.443012
1560.7796421487074,32232.947,41.474415
1560.8000763667005,32306.56,41.460976
1560.82051068484,32382.355,41.42754
1560.8409451030602,32470.617,41.377575
1560.9635510149674,32554.795,41.107616
1560.9839852340374,32527.084,41.415977
1561.0044196532253,32477.064,41.43562
1561.0248539725217,32476.82,41.427063
1561.0452883919424,32532.168,41.48529
1561.0657226114781,32542.072,41.463055
1561.0861569311237,32572.414,41.433167
1561.1065913508937,32310.44,41.4683
1561.1270255707786,32496.355,41.508263
1561.1474598907735,32631.205,41.48996
1561.1678943108782,32153.197,41.512962
1561.1883285311123,32287.627,41.536514
1561.2087628514564,32649.885,41.48963
1561.2291972719395,32414.723,41.500854
1561.2496314925083,31896.441,41.500504
1561.270065913217,31831.219,41.53457
1561.290500234034,32410.068,41.519722
1561.3109345549674,32547.139,41.494827
1561.3313688759954,32334.725,41.486404
1561.3518031971616,32071.477,41.432827
1561.3722375184298,32111.885,41.501575
1561.3926718398216,32286.92,41.450043
1561.413106161337,32437.39,41.44799
1561.4335405829625,32486.764,41.487484
1561.45397480471,32381.338,41.44645
1561.4744091265602,32259.953,41.431538
1561.4948434485268,32083.305,41.513336
1561.515277770617,32240.396,41.468285
1561.5357120928165,32334.213,41.447414
1561.5561465151259,32288.162,41.459335
1561.5765807375574,32121.492,41.464878
1561.597015060106,32131.717,41.495823
1561.617449482772,32283.709,41.529022
1561.6378837055454,32362.85,41.514385
1561.6583181284295,32224.953,41.491364
1561.678752451422,32238.686,41.510593
1561.6991866745375,32218.062,41.499695
1561.7196210977709,32204.734,41.47176
1561.74005542112,32305.277,41.49294
1561.7604896445773,32171.049,41.51109
1561.78092406816,32207.996,41.4846
1561.8013583918364,32306.957,41.502518
1561.8217928156373,32411.174,41.48282
1561.8422270395677,32363.47,41.50034
1561.862661363586,32312.951,41.489376
1561.883095787729,32291.127,41.48139
1561.903530011994,32138.496,41.4539
1561.9239643363544,32327.922,41.452454
1561.9443987608392,32173.07,41.48656
1561.9648329854244,32098.508,41.47189
1561.9852673101268,32190.236,41.471973
1562.0057017349536,32335.68,41.47739
1562.0261360599034,32184.174,41.51111
1562.0465703849331,32337.857,41.481297
1562.0670047101012,32243.502,41.48806
1562.0874389353703,32151.979,41.468544
1562.1078733607355,32207.229,41.47039
1562.1283076862383,32104.668,41.513012
1562.1487419118566,32185.35,41.503796
1562.1691763375711,32119.146,41.459015
1562.1896106634085,32196.809,41.50261
1562.2100450893631,32232.045,41.46954
1562.2304793154108,32226.627,41.50798
1562.2509136415683,32096.78,41.47648
1562.2713480678576,32258.383,41.519314
1562.2917822942545,32083.516,41.487633
1562.3122166207468,32197.42,41.483364
1562.3326510473853,32335.629,41.499943
1562.3530852741023,32377.928,41.463852
1562.3735197009446,32101.236,41.466232
1562.3939540278734,32341.863,41.484917
1562.4143882549397,32293.879,41.513184
1562.4348226821166,32320.633,41.458927
1562.4552570094093,32134.635,41.50032
1562.4756912367811,32306.488,41.484283
1562.4961256642928,32275.559,41.507816
1562.5165599919055,32203.146,41.515118
1562.5369943196274,32179.61,41.496525
1562.557428647473,32335.377,41.48638
1562.5778629754204,32399.62,41.52584
1562.5982974034778,32094.748,41.486626
1562.6187316316282,32336.146,41.522476
1562.6391659599103,32186.97,41.50166
1562.6596003883024,32157.604,41.481003
1562.6800347167882,32195.793,41.488266
1562.7004689453897,32169.113,41.50575
1562.7209033741165,32184.29,41.497307
1562.7413376029363,32236.588,41.508636
1562.7617720318667,32197.832,41.502716
1562.78220636092,32190.076,41.514923
1562.80264059006,32094.684,41.503674
1562.8230750193325,32243.639,41.48797
1562.8435093487133,32307.545,41.502296
1562.8639435781733,32251.766,41.476746
1562.8843780077732,32092.135,41.48303
1562.9048123374669,32175.549,41.53387
1562.9252465672762,32247.656,41.512344
1562.9456809972035,32304.377,41.475887
1562.9661153272245,32280.064,41.50477
1562.98654975737,32232.834,41.525665
1563.0069839876087,32191.865,41.475525
1563.0274183179426,32131.574,41.46601
1563.0478527484229,32224.082,41.503628
1563.068286978989,32166.994,41.4944
1563.0887213096503,32196.627,41.467037
1563.109155740436,32182.055,41.48336
1563.129589971315,32245.645,41.486816
1563.1500244023337,32234.646,41.521725
1563.1704587334389,32215.25,41.499893
1563.1908930646387,32176.29,41.51396
1563.2113273959621,32152.154,41.522087
1563.231761727402,32298.695,41.52107
1563.2521960589365,32237.03,41.505665
1563.2726303905947,32149.82,41.499584
1563.2930647223402,32240.395,41.489742
1563.3134990541948,32303.174,41.52438
1563.3339334861594,32122.059,41.47884
1563.3543677182388,32199.402,41.51048
1563.374802050399,32352.162,41.468506
1563.3952363826975,32224.09,41.51148
1563.4156707150833,32343.416,41.525406
1563.4361051475935,32199.088,41.517845
1563.4565393801895,32206.61,41.5305
1563.4769737129027,32313.625,41.54941
1563.4974081457258,32266.918,41.530155
1563.5178423786492,32232.89,41.486866
1563.5382768116833,32252.143,41.518906
1563.5587111448185,32312.166,41.498898
1563.5791453780548,32117.123,41.510815
1563.5995798114018,32320.252,41.526608
1563.6200141448571,32226.74,41.469948
1563.6404483784208,32221.303,41.507446
1563.6608828120952,32256.355,41.529213
1563.6813171458562,32241.924,41.523224
1563.7221858137127,32217.459,41.49348
1563.742620147801,32257.678,41.507378
1563.7630545819993,32387.969,41.51671
1563.783488816298,32305.95,41.496788
1563.8039231506918,31995.865,41.499146
1563.824357585203,32291.258,41.531513
1563.844791919808,32394.006,41.512608
1563.8652261545212,32166.154,41.49073
1563.8856605893525,32286.008,41.540573
1563.9060949242703,32260.957,41.51294
1563.9265292593045,32231.38,41.519215
1563.9469635944333,32323.17,41.503407
1563.967397929664,32217.998,41.525524
1563.987832265011,32212.83,41.50987
1564.00826660046,32159.105,41.52475
1564.0287009360109,32158.658,41.528538
1564.0491352716635,32270.605,41.48983
1564.069569607418,32183.242,41.501137
1564.0900040432825,32406.746,41.51228
1564.11043827924,32216.51,41.522717
1564.1308726153147,32207.068,41.522644
1564.1513070514848,32307.09,41.520172
1564.1717412877624,32304.877,41.49462
1564.1921756241354,32175.5,41.47451
1564.212610060611,32250.916,41.507305
1564.2330442971943,32246.756,41.508392
1564.2534786338874,32319.373,41.514126
1564.273913070676,32286.629,41.519054
1564.294347307572,32308.787,41.502663
1564.3147817445642,32275.623,41.472847
1564.3352160816576,32349.574,41.501183
1564.3556503188593,32199.172,41.526382
1564.3760847561643,32331.053,41.542408
1564.3965190935633,32240.066,41.489525
1564.4169534310713,32101.676,41.526947
1564.4373877686812,32289.404,41.510376
1564.4578221063857,32314.428,41.451145
1564.4782565442074,32305.99,41.512936
1564.498690882123,32306.12,41.478874
1564.5191251201322,32154.402,41.49904
1564.5395595582522,32133.055,41.49143
1564.559993896466,32151.918,41.478317
1564.5804281347882,32219.56,41.492218
1564.6008625732138,32268.572,41.475933
1564.6212969117405,32219.912,41.488075
1564.6417311503537,32236.402,41.481
1564.662165589085,32235.828,41.47961
1564.6825998279091,32304.412,41.495293
1564.7030342668368,32226.135,41.49481
1564.7234686058728,32182.844,41.476746
1564.7439028449953,32369.576,41.49571
1564.7643372842213,32247.002,41.50012
1564.7847716235556,32211.912,41.505535
1564.8052058629837,32285.45,41.469746
1564.8256403025152,32188.188,41.455456
1564.8460746421479,32036.684,41.458786
1564.8665090818758,32325.36,41.50104
1564.8869433217042,32354.732,41.48371
1564.9073776616424,32234.418,41.447002
1564.9278121016687,32362.229,41.470757
1564.9482463418026,32198.215,41.487503
1564.9686806820318,32106.133,41.504314
1564.9891151223565,32068.53,41.477306
1565.0095493627887,32222.117,41.478058
1565.0299837033235,32056.73,41.46367
1565.0504181439464,32217.854,41.475857
1565.0708524846777,32169.379,41.506985
1565.0912868255036,32189.97,41.485664
1565.111721166424,32173.732,41.51111
1565.1321555074537,32221.672,41.47091
1565.152589848578,32364.596,41.48909
1565.1730241897967,32231.943,41.451797
1565.1934585311246,32203.469,41.48104
1565.213892972548,32101.572,41.462337
1565.234327214057,32317.451,41.493237
1565.2547616556767,32266.541,41.52268
1565.2751959973975,32353.344,41.515564
1565.295630239205,32216.719,41.488438
1565.3160646811157,32235.014,41.475708
1565.3364989231268,32184.098,41.498272
1565.356933265226,32138.102,41.501778
1565.3773677074423,32304.193,41.467285
1565.3978019497445,32284.059,41.479126
1565.4182362921347,32153.373,41.488743
1565.4386707346348,32129.729,41.480938
1565.4591049772353,32085.113,41.453804
1565.4795394199245,32280.775,41.4883
1565.4999737627222,32265.514,41.495377
1565.5204080055992,32164.264,41.472836
1565.5408424485868,32314.01,41.504833
1565.5612767916682,32202.098,41.48475
1565.5817111348515,32323.49,41.48402
1565.602145478122,32219.098,41.494804
1565.6225798214946,32308.064,41.47715
1565.6430142649624,32112.135,41.462482
1565.6634485085306,32238.506,41.47643
1565.683882852194,32265.29,41.478825
1565.7043172959602,32083.043,41.464165
1565.724751639813,32242.535,41.45558
1565.7451858837521,32098.004,41.465656
1565.765620327802,32322.914,41.488537
1565.786054671953,32229.389,41.468925
1565.8064890161913,32184.54,41.459892
1565.8269233605315,32263.72,41.472633
1565.8473577049517,32256.258,41.478947
1565.8677921494818,32270.723,41.472576
1565.8882263940977,32309.0,41.507896
1565.9086607388235,32269.877,41.46381
1565.9290951836447,32183.414,41.473793
1565.949529428537,32251.936,41.483955
1565.9699637735393,32169.217,41.437252
1565.9903981186435,32188.61,41.47002
1566.010832463835,32223.096,41.46695
1566.031266909129,32311.02,41.42464
1566.0517011545016,32204.832,41.465416
1566.0721354999769,32281.92,41.48995
1566.092569945562,32284.453,41.453827
1566.1130041912256,32158.354,41.4893
1566.1334385369846,32096.16,41.46967
1566.153872982839,32251.205,41.458282
1566.1743072287863,32245.195,41.471336
1566.1947416748371,32213.902,41.496136
1566.2151760209745,32247.316,41.449203
1566.2356102671984,32099.234,41.474564
1566.2560447135256,32207.773,41.482418
1566.276479059954,32218.697,41.473648
1566.2969134064697,32331.28,41.4807
1566.3173477530727,32121.896,41.47978
1566.3377820997703,32218.732,41.478024
1566.3582164465697,32334.566,41.487244
1566.3786508934572,32086.615,41.44689
1566.3990851404378,32163.672,41.463703
1566.4195195875218,32168.096,41.46372
1566.4399539346778,32284.98,41.49028
1566.460388181942,32200.719,41.49999
1566.4808226292953,32213.69,41.461613
1566.5012569767423,32286.201,41.454063
1566.5216912242831,32299.518,41.482468
1566.5421256719128,32132.822,41.448456
1566.5625600196363,32205.57,41.465973
1566.5829943674544,32143.854,41.461346
1566.6034287153598,32274.598,41.473675
1566.623862963359,32243.941,41.460052
1566.6442974114543,32188.684,41.45805
1566.6647317596435,32316.795,41.453106
1566.705600456291,32236.781,41.462597
1566.726034804742,32136.107,41.416737
1566.746469153295,32244.275,41.45121
1566.7669035019426,32195.842,41.497616
1566.7873378506847,32177.934,41.456676
1566.807772299515,32255.49,41.441788
1566.8282065484236,32205.494,41.491592
1566.8486408974277,32254.035,41.48619
1566.8690753465416,32159.016,41.4576
1566.889509695735,32189.814,41.460407
1566.9099439450147,32195.87,41.484215
1566.9303783943833,32317.36,41.446487
1566.950812743853,32132.43,41.466393
1566.9712470934028,32201.492,41.4336
1566.9916814430544,32191.676,41.47786
1567.012115792786,32192.338,41.454643
1567.0325501426123,32299.781,41.465763
1567.0529844925331,32220.18,41.485085
1567.0734188425413,32289.754,41.456375
1567.0938532926448,32109.377,41.476364
1567.1142875428195,32247.81,41.47835
1567.134721993105,32234.064,41.456318
1567.1551563434696,32330.248,41.478462
1567.175590593928,32196.832,41.459526
1567.1960250444827,32254.146,41.454124
1567.2164593951093,32199.732,41.460957
1567.236893645837,32182.66,41.449978
1567.2573280966608,32168.885,41.45372
1567.2777623475558,32223.512,41.44853
1567.2981966985462,32195.02,41.459946
1567.3186311496393,32167.746,41.44156
1567.3390654008035,32170.215,41.445747
1567.3594998520712,32185.986,41.474274
1567.3799342034254,32267.7,41.451504
1567.4003684548443,32140.55,41.458538
1567.4208029063811,32223.986,41.45146
1567.4412372580045,32197.18,41.434032
1567.4616716097007,32174.209,41.50195
1567.4821059614915,32221.244,41.432606
1567.5025403133768,32143.531,41.42445
1567.5229747653502,32231.127,41.479443
1567.5434090174022,32264.61,41.444305
1567.5638433695567,32201.246,41.467365
1567.5842778217775,32386.383,41.469128
1567.6047121741067,32143.635,41.440647
1567.6251464265151,32320.164,41.447727
1567.6455808790124,32092.79,41.424305
1567.666015231589,32181.904,41.478966
1567.6864494842666,32288.535,41.419113
1567.7068839370259,32319.236,41.477783
1567.7273182898716,32000.113,41.468918
1567.7477527428055,32234.113,41.46052
1567.7681869958178,32249.889,41.442703
1567.7886213489328,32161.658,41.431255
1567.8090558021286,32188.842,41.460167
1567.8294900554101,32315.477,41.490784
1567.8499244087725,32292.32,41.491837
1567.8703588622302,32102.08,41.455284
1567.8907931157664,32155.865,41.445957
1567.911227569406,32180.854,41.456127
1567.9316618231023,32185.406,41.45081
1567.9520961769085,32247.184,41.432724
1567.9725306308028,32380.94,41.484425
1567.9929648847756,32187.637,41.48606
1568.0133992388292,32030.076,41.453056
1568.033833692978,32209.867,41.475628
1568.0542679471982,32198.387,41.484848
1568.0747023015138,32250.791,41.448376
1568.0951367559246,32289.006,41.433514
1568.1155711104002,32069.422,41.441532
1568.1360054649776,32154.879,41.446247
1568.1564398196424,32281.38,41.46412
1568.17687417438,32185.43,41.470535
1568.1973085292047,32170.537,41.43805
1568.2177428841242,32199.525,41.43054
1568.2381772391163,32207.262,41.458485
1568.2586116942111,32256.023,41.46133
1568.27904594937,32303.486,41.41012
1568.2994804046248,32123.486,41.42259
1568.3199147599662,32183.594,41.44389
1568.340349015387,32316.605,41.43787
1568.3607834708964,32246.207,41.418518
1568.3812178264852,32105.293,41.407227
1568.4016520821533,32313.445,41.473362
1568.4220865379175,32192.625,41.460987
1568.442520893761,32285.814,41.478313
1568.4629551496837,32171.896,41.466797
1568.4833896056953,32094.387,41.426525
1568.5038239617934,32153.352,41.452435
1568.5242584179723,32275.73,41.46487
1568.5446926742297,32217.36,41.455017
1568.5651269305745,32224.27,41.43104
1568.585561387008,32223.328,41.438744
1568.605995743521,32240.158,41.429874
1568.6264301001065,32206.113,41.47187
1568.6468644567867,32174.797,41.463165
1568.667298813547,32270.703,41.45204
1568.6877332704025,32225.377,41.443016
1568.708167527322,32282.482,41.426712
1568.7286018843297,32154.852,41.45947
1568.7490363414327,32278.445,41.45139
1568.7694706986003,32081.936,41.44827
1568.7899049558546,32243.363,41.452297
1568.810339413205,32238.086,41.41861
1568.83077377062,32207.832,41.467888
1568.8512081281297,32204.324,41.438915
1568.8716424857193,32049.521,41.422234
1568.8920768433818,32152.607,41.415295
1568.9125113011396,32177.059,41.44096
1568.9329455589686,32241.764,41.49875
1568.9533799168785,32240.816,41.477337
1568.9738143748764,32209.12,41.41607
1568.9942486329528,32169.264,41.447205
1569.01468299111,32269.293,41.465412
1569.0351174493626,32205.355,41.437393
1569.0555517076718,32200.93,41.437458
1569.0759861660772,32216.926,41.4253
1569.096420524569,32145.922,41.467445
1569.116854783133,32168.152,41.410828
1569.1372892417712,32289.453,41.438667
1569.1577236005032,32244.748,41.445763
1569.1781578593072,32225.37,41.433735
1569.1985923182,32165.717,41.443516
1569.219026577157,32179.826,41.443794
1569.239461036217,32168.482,41.439445
1569.259895395342,32228.455,41.45054
1569.2803296545535,32230.576,41.41857
1569.3007641138465,32209.363,41.47537
1569.3211984732116,32176.611,41.455303
1569.341632832664,32245.176,41.4785
1569.3620671921963,32182.791,41.4428
1569.3825015517941,32169.35,41.444458
1569.4029359114938,32293.262,41.4266
1569.4233702712663,32166.62,41.41577
1569.4438046311116,32188.627,41.434826
1569.4642390910376,32266.73,41.45915
1569.484673451043,32212.805,41.416298
1569.5051077111275,32181.314,41.433342
1569.525542171301,32162.938,41.445904
1569.5459765315463,32247.092,41.43901
1569.5664107918637,32089.105,41.434464
1569.58684525227,32178.682,41.45521
1569.607279612741,32197.127,41.40289
1569.6277140733146,32206.99,41.441208
1569.6481483339521,32265.016,41.44621
1569.6890171554624,32152.365,41.439728
1569.7094514163327,32162.555,41.448444
1569.729885777284,32068.824,41.42656
1569.7503202383232,32066.633,41.449463
1569.7707544994191,32214.053,41.450146
1569.7911888606104,32229.133,41.441345
1569.8116233218752,32148.607,41.403896
1569.8320575832186,32214.418,41.413242
1569.8524920446362,32205.512,41.42131
1569.8729263061323,32089.598,41.433926
1569.8933606677092,32137.363,41.400963
1569.9137951293596,32167.025,41.442936
1569.9342293910886,32251.967,41.432514
1569.9546637528983,32242.604,41.4396
1569.9750982147816,32051.262,41.423405
1569.9955325767442,32049.865,41.36897
1570.0159669387795,32285.078,41.416275
1570.0364013008948,32132.107,41.416317
1570.0568356630902,32212.309,41.418705
1570.0772700253583,32193.438,41.45376
1570.097704387692,32256.95,41.46409
1570.1181387501274,32172.096,41.458427
1570.1385732126218,32151.996,41.43105
1570.1590074751803,32154.74,41.44573
1570.1794419378348,32195.502,41.41756
1570.1998763005759,32158.531,41.42994
1570.220310563367,32141.3,41.40251
1570.24074502624,32217.715,41.44013
1570.2611793891992,32202.705,41.42743
1570.2816136522233,32190.27,41.44594
1570.3020481153435,32125.105,41.429295
1570.3224824785211,32163.357,41.441715
1570.3429167417635,32211.508,41.400227
1570.3633512051165,32164.242,41.45507
1570.3837855685124,32184.361,41.451477
1570.4042199319883,32221.053,41.427917
1570.4246542955589,32242.852,41.40654
1570.4450886591876,32168.31,41.40949
1570.4655230228818,32116.707,41.398075
1570.4859573866706,32169.818,41.426716
1570.5063917505322,32102.252,41.40397
1570.5268261144593,32292.309,41.437023
1570.5472604784518,32179.412,41.434135
1570.5676949425397,32173.92,41.40528
1570.5881292066915,32151.854,41.405624
1570.6085635709314,32186.492,41.40729
1570.6289980352303,32127.87,41.436764
1570.6494323996085,32088.105,41.446842
1570.6698666640514,32220.748,41.42656
1570.6903011285758,32180.105,41.426506
1570.7107354931795,32198.432,41.41646
1570.7311697578407,32229.715,41.418507
1570.7516042226052,32202.725,41.437458
1570.77203858742,32147.393,41.430218
1570.7924730523155,32138.809,41.42582
1570.812907317275,32176.525,41.427837
1570.8333416823152,32093.045,41.400352
1570.853776147429,32173.816,41.41213
1570.874210412614,32171.863,41.411533
1570.8946447778799,32144.312,41.406303
1570.9150792431974,32242.96,41.40598
1570.9355135085934,32199.861,41.407417
1570.9559479740856,32251.11,41.434315
1570.9763823396352,32232.771,41.440243
1570.9968166052568,32172.191,41.407116
1571.01725107096,32296.994,41.416634
1571.0376854367132,32164.684,41.443584
1571.0581197025458,32041.338,41.394222
1571.0785541684745,32245.889,41.411743
1571.0989885344607,32216.447,41.42181
1571.119422800497,32209.396,41.373455
1571.1398572666294,32182.992,41.421883
1571.1602916328338,32232.021,41.405552
1571.1807259990892,32200.66,41.421715
1571.2011603654537,32201.121,41.43507
1571.2215947318473,32364.264,41.427273
1571.2420290983355,32299.344,41.429108
1571.2624634648892,32189.264,41.390774
1571.2828978315156,32174.168,41.403748
1571.303332198222,32117.3,41.405636
1571.323766564994,32214.256,41.41226
1571.3442010318395,32260.496,41.424145
1571.3646353987351,32288.014,41.405125
1571.38506966571,32234.549,41.42028
1571.4055041327665,32162.281,41.41703
1571.4259384998877,32108.46,41.418835
1571.4463727670955,32203.553,41.418484
1571.466807234363,32119.676,41.412735
1571.4872416016806,32136.418,41.424435
1571.507675869092,32249.916,41.419056
1571.528110336556,32230.941,41.424767
1571.5485447041137,32237.922,41.41854
1571.5689791717305,32284.527,41.420055
1571.5894134394039,32169.758,41.41938
1571.609847807158,32211.21,41.413742
1571.630282274993,32237.684,41.433277
1571.6507165428775,32108.736,41.428146
1571.6711509108427,32078.658,41.414276
1571.6915853788669,32084.24,41.434
1571.7120196469768,32164.623,41.433044
1571.7324541151393,32194.83,41.39662
1571.752888483381,32045.838,41.422886
1571.7733227516874,32149.857,41.414894
1571.7937572200608,32020.756,41.426414
1571.8141915885062,32203.527,41.401966
1571.8346258570236,32260.445,41.448933
1571.8550603255935,32196.072,41.438522
1571.8754946942572,32209.018,41.426006
1571.895928962971,32161.508,41.43281
1571.9163634317665,32063.11,41.424507
1571.9367978006194,32166.28,41.439835
1571.9572322695385,32223.844,41.433544
1571.9776665385507,32191.793,41.43108
1571.9981009075927,32158.205,41.431164
1572.0185353767301,32202.086,41.412582
1572.0389696459315,32277.912,41.418026
1572.0594040151918,32224.742,41.429497
1572.0798384845184,32245.406,41.404957
1572.1002727539235,32260.936,41.400036
1572.1207072234029,32217.648,41.404278
1572.1411415929178,32172.883,41.43342
1572.1615758625267,32148.871,41.39942
1572.1820103321952,32204.04,41.42947
1572.2024447019285,32170.453,41.40699
1572.222878971712,32222.748,41.40586
1572.2433134415987,32269.518,41.417355
1572.2637478115357,32124.217,41.40618
1572.2841821815382,32228.047,41.424168
1572.3046165515989,32232.953,41.410812
1572.3250509217396,32188.703,41.42482
1572.3454852919313,32178.396,41.376316
1572.3659196622102,32075.883,41.40177
1572.3863540325256,32250.107,41.411648
1572.4067884029355,32343.219,41.423317
1572.4272227734036,32261.287,41.427475
1572.4476571439227,32178.041,41.41584
1572.4680915145364,32211.041,41.41961
1572.4885258851937,32068.916,41.406372
1572.5089603559318,32184.791,41.38438
1572.52939472672,32263.252,41.39366
1572.5498289975803,32135.018,41.429005
1572.5702634685076,32244.867,41.41829
1572.5906978394996,32216.37,41.42963
1572.6111321105636,31991.676,41.378685
1572.6315665816655,32118.81,41.39803
1572.6724352241145,32224.467,41.412777
1572.69286969542,32256.334,41.438927
1572.7133040668195,32278.232,41.429165
1572.7337385382561,32246.127,41.421825
1572.7541728097567,32226.72,41.39253
1572.7746071813308,32242.14,41.410263
1572.7950416529857,32264.182,41.424957
1572.8154759246754,32184.51,41.40841
1572.8359102964532,32127.43,41.407444
1572.8563447682827,32225.191,41.405106
1572.8767790401762,32177.049,41.433456
1572.8972135121294,32200.324,41.39937
1572.9176478841473,32164.77,41.429527
1572.93808215623,32191.09,41.413795
1572.9585166283869,32179.365,41.40085
1572.978951000594,32188.154,41.422756
1572.999385372881,32209.883,41.42492
1573.0198197452264,32126.574,41.438484
1573.0402541176081,32292.855,41.450947
1573.0606883900837,32096.717,41.404297
1573.081122862619,32097.852,41.382263
1573.1015572352044,32108.13,41.408615
1573.1219916078553,32176.953,41.439
1573.1424259805935,32372.799,41.429005
1573.1628603533536,32210.34,41.385674
1573.183294826209,32210.057,41.418026
1573.2037290991211,32137.414,41.394733
1573.2241634720704,32277.12,41.395607
1573.244597945115,32191.496,41.432125
1573.2650322182017,32365.027,41.41156
1573.2854666913554,32158.355,41.396187
1573.3059010645738,32377.43,41.43845
1573.3263353378497,32222.877,41.380466
1573.3467698112072,32151.21,41.370846
1573.3672041845857,32060.424,41.385937
1573.3876384580508,32250.336,41.402256
1573.4080729315974,32153.766,41.40264
1573.4285073051797,32292.998,41.370132
1573.4489415788194,32238.758,41.413868
1573.4693760525115,32160.674,41.39368
1573.4898104262975,32150.576,41.421577
1573.5102449001424,32373.64,41.411808
1573.5306791740077,32226.035,41.37788
1573.5511135479683,32171.879,41.376217
1573.5715480219806,32180.7,41.364212
1573.5919822960568,32423.51,41.370808
1573.612416670192,32128.834,41.368435
1573.6328511444153,32217.473,41.383408
1573.6532855186597,32093.084,41.351578
1573.6737198929695,32344.162,41.38438
1573.6941542673594,32328.652,41.385345
1573.714588541785,32011.111,41.38133
1573.7350230162992,32201.264,41.39223
1573.755457390842,32398.76,41.392105
1573.7758916654639,32298.033,41.386158
1573.7963261401528,32035.465,41.378498
1573.8167605148628,32152.705,41.37154
1573.8371947896667,32316.168,41.402035
1573.8576292645303,32273.639,41.38854
1573.878063639444,32176.764,41.39791
1573.898498114424,32277.752,41.3827
1573.9189323894607,32093.29,41.36128
1573.93936676452,32193.256,41.35272
1573.9598012397037,32113.152,41.395615
1573.980235514915,32064.766,41.36151
1574.000669890178,32196.678,41.387318
1574.0211043655072,32231.35,41.3736
1574.0415386408931,32182.875,41.355625
1574.0619731163315,32339.379,41.35504
1574.0824074918637,32295.186,41.378498
1574.1028417674243,32183.594,41.3708
1574.1232762430373,32272.844,41.396614
1574.143710618715,32217.395,41.415977
1574.164144994451,32241.607,41.38433
1574.1845793702378,32142.973,41.362755
1574.2050137460901,32171.076,41.38912
1574.2254481220007,32221.045,41.389423
1574.2458824979622,32202.684,41.357777
1574.2663168739891,32224.492,41.377808
1574.2867512500743,32163.592,41.368202
1574.3071857262403,32225.41,41.36802
1574.327620002412,32307.805,41.33971
1574.3480543786718,32197.986,41.356705
1574.3684887549825,32233.611,41.37153
1574.3889231313588,32181.629,41.36945
1574.4093576077867,32274.723,41.393753
1574.4297918842785,32174.67,41.368492
1574.4502263608301,32219.064,41.38997
1574.4706607374392,32321.258,41.341312
1574.4910950140693,32196.342,41.37422
1574.5115294907955,32176.324,41.343945
1574.5319638675428,32152.896,41.364357
1574.552398144384,32383.42,41.392384
1574.5728326212557,32139.824,41.350872
1574.593266998214,32328.934,41.387726
1574.6137014751948,32247.873,41.378372
1574.6341357522397,32149.574,41.35767
1574.6545701293362,32162.633,41.349056
1574.675004606528,32180.777,41.350643
1574.6954388837185,32140.506,41.358246
1574.715873260997,32310.443,41.357426
1574.736307738327,32245.943,41.365902
1574.756742015692,32329.164,41.420773
1574.7771763931378,32175.912,41.348286
1574.7976108706498,32337.48,41.36457
1574.8180452481902,32268.002,41.37822
1574.8384796257815,32232.186,41.353073
1574.8589140034383,32210.814,41.387352
1574.8793483811532,32135.695,41.364937
1574.8997827589192,32250.012,41.379025
1574.9202171367506,32229.523,41.353313
1574.9406515146402,32338.814,41.382908
1574.9610858925516,32269.383,41.359406
1574.9815202705577,32320.387,41.331947
1575.0019546485928,32164.62,41.35347
1575.0223890266789,32236.953,41.367443
1575.0428234048304,32153.877,41.380386
1575.063257883041,32180.043,41.37618
1575.0836921613009,32230.492,41.380833
1575.104126539598,32302.082,41.369045
1575.124561017983,32249.812,41.35562
1575.1449952963885,32096.482,41.33582
1575.1654296748602,32303.299,41.363182
1575.1858641533909,32172.39,41.37902
1575.206298431971,32131.688,41.375828
1575.226732910589,32309.91,41.342693
1575.2471672892934,32181.453,41.329895
1575.267601568019,32160.613,41.354
1575.2880360468116,32219.021,41.33849
1575.3084704256617,32240.174,41.336372
1575.3289047045619,32304.535,41.364933
1575.3493391835,32171.148,41.39523
1575.3697735624955,32242.775,41.345623
1575.390208041572,32180.924,41.340477
1575.410642320683,32191.646,41.36188
1575.4310766998242,32210.64,41.356205
1575.451511179046,32240.584,41.349503
1575.4719455583036,32224.17,41.374897
1575.4923798376185,32154.822,41.314552
1575.512814316986,32266.928,41.330273
1575.533248696418,32179.557,41.360752
1575.5536829758785,32090.988,41.385456
1575.5741174554205,32166.6,41.352238
1575.594551834969,32130.953,41.342865
1575.6149862145976,32309.59,41.354645
1575.655854874014,32208.305,41.35323
1575.6762893537962,32242.654,41.34353
1575.6967237336285,32160.066,41.335125
1575.7171580135255,32247.096,41.35906
1575.7375924934458,32241.959,41.341354
1575.758026873431,32164.943,41.330696
1575.778461353475,32176.932,41.35869
1575.7988956335757,32235.38,41.341534
1575.819330013699,32305.52,41.38593
1575.8397644938887,32298.754,41.33776
1575.8601987741276,32191.633,41.317245
1575.8806331544329,32215.887,41.395947
1575.901067634768,32319.67,41.32186
1575.9215019151598,32073.262,41.367027
1575.9419362956032,32226.854,41.334106
1575.9623707760838,32351.488,41.354633
1575.9828050566139,32256.21,41.320377
1576.0032395371818,32196.426,41.371593
1576.0236739178363,32279.928,41.34943
1576.0441082985417,32310.928,41.36544
1576.0645426792544,32291.41,41.34364
1576.0849770600544,32174.578,41.342236
1576.1054114408762,32311.617,41.362503
1576.1258458217635,32328.867,41.368404
1576.146280202709,32155.664,41.35481
1576.1667145836764,32225.92,41.310993
1576.187149064739,32181.686,41.362885
1576.2075833458002,32230.723,41.34761
1576.228017826943,32197.688,41.358303
1576.2484522081213,32151.61,41.351482
1576.268886489357,32252.717,41.34116
1576.2893209706162,32193.957,41.362328
1576.3097552519394,32259.21,41.389942
1576.3301896333214,32208.861,41.353695
1576.350624114726,32216.855,41.298054
1576.3710583961947,,
1576.391492877723,32286.193,41.33377
1576.4119272593016,32277.29,41.335144
1576.4323615409157,32275.166,41.361145
1576.4527960225605,32270.809,41.348583
1576.4732304042554,32314.457,41.334232
1576.493664686015,32258.617,41.327065
1576.5140991678345,32306.117,41.350876
1576.534533549675,32333.752,41.335506
1576.554967931581,32280.914,41.322372
1576.5754023135378,32235.156,41.316673
1576.595836695502,32320.438,41.3408
1576.6162711775542,32188.484,41.343956
1576.636705459634,32195.158,41.331944
1576.6571398417655,32287.588,41.352104
1576.6775743239632,32408.656,41.36326
1576.698008706182,32298.49,41.30976
1576.7184429884364,32314.021,41.347538
1576.7388774707797,32314.371,41.338898
1576.759311853115,32314.477,41.3216
1576.7797462355447,32359.906,41.34742
1576.8001806180037,32267.492,41.31217
1576.8206150005135,32276.506,41.315697
1576.8410494830605,32201.996,41.30608
1576.8614837656642,32268.611,41.32694
1576.8819181482904,32294.615,41.345467
1576.902352630983,32234.055,41.357944
1576.922786913703,32241.307,41.32198
1576.9432212964748,32292.297,41.299118
1576.963655679312,32185.92,41.33106
1576.9840900621784,32332.424,41.33152
1577.0045245450965,32376.516,41.323532
1577.0249588280494,32318.951,41.3229
1577.0453932110613,32250.31,41.316807
1577.065827694125,32307.945,41.346317
1577.0862619771942,32311.154,41.31788
1577.1066963603516,32204.389,41.337334
1577.1271308435316,32207.111,41.346176
1577.1475651267465,32212.166,41.315365
1577.1679996100502,32154.889,41.34694
1577.1884339933458,32260.555,41.310375
1577.2088682767062,32461.77,41.35325
1577.2293027601263,32210.389,41.28774
1577.2497371435675,32364.854,41.280846
1577.2701715270741,32251.14,41.313797
1577.2906059106099,32391.549,41.306957
1577.3110402941675,32225.982,41.311203
1577.3314746777905,32331.07,41.308132
1577.3519091615017,32330.865,41.319397
1577.372343445175,32249.188,41.278877
1577.3927779289443,32154.67,41.330902
1577.4132123127347,32238.287,41.331234
1577.4336465965898,32270.77,41.3404
1577.4540810804756,32345.797,41.347046
1577.4745154643897,32290.396,41.330555
1577.494949748383,32363.186,41.328175
1577.5153842323853,32447.402,41.31788
1577.5358186164376,32302.19,41.310646
1577.5562530005554,32339.1,41.273006
1577.5766873847024,32378.059,41.35177
1577.5971216688777,32329.275,41.313232
1577.6175561531054,32232.828,41.32575
1577.6379905373688,32278.002,41.31925
1577.6584248216896,32336.26,41.329887
1577.6788593060337,32261.342,41.315044
1577.6992936904426,32290.367,41.320614
1577.7197280748805,32134.918,41.293064
1577.7401624593695,32284.121,41.308285
1577.7605968438656,32369.525,41.30192
1577.7810313284426,32333.773,41.279373
1577.8014656130545,32279.766,41.330124
1577.8218999976962,32500.035,41.289772
1577.8423344823896,32269.602,41.2673
1577.8627688671186,32264.549,41.28298
1577.883203151876,32256.812,41.280666
1577.9036376367148,32376.414,41.297813
1577.9240720215603,32291.398,41.347916
1577.944506406464,32319.85,41.32173
1577.9649407913894,32346.557,41.290756
1577.9853751763512,32349.799,41.28292
1578.0058095614004,32367.096,41.279964
1578.0262439464423,32289.33,41.315422
1578.0466783315496,32342.432,41.28958
1578.0671128166869,32275.473,41.32133
1578.0875471018444,32140.053,41.27004
1578.1079814870682,32314.994,41.32405
1578.1284159723218,32315.559,41.294838
1578.1488502576249,32287.191,41.313072
1578.169284742995,32288.174,41.32097
1578.1897191283642,32430.883,41.33869
1578.2101534137837,32271.715,41.325916
1578.230587899241,32271.951,41.290188
1578.251022184726,32195.898,41.304142
1578.2714565702627,32151.775,41.29639
1578.2918910558365,32268.979,41.280872
1578.312325341467,32293.225,41.32533
1578.3327598271208,32378.135,41.309372
1578.3531942128102,32179.809,41.290718
1578.373628498528,32361.611,41.313423
1578.3940629843273,32356.234,41.30113
1578.4144973701332,32282.334,41.31501
1578.4349317559972,32261.793,41.299255
1578.455366141854,32259.564,41.32996
1578.4758005278054,32329.984,41.320793
1578.4962349137568,32259.129,41.317596
1578.516669299759,32320.6,41.298805
1578.5371036858269,32345.45,41.289932
1578.5575381718954,32324.498,41.307465
1578.5779725580142,32408.57,41.272182
1578.5984068441685,32203.06,41.277817
1578.6392757165886,32295.482,41.28695
1578.6597100028594,32238.895,41.268505
1578.6801444891898,32279.438,41.30493
1578.7005788755123,32362.297,41.287266
1578.7210131618995,32252.936,41.289
1578.741447648339,32172.541,41.278355
1578.7618820347852,32363.043,41.318035
1578.7823165212903,32403.377,41.28752
1578.802750807823,32175.928,41.263363
1578.8231851943783,32324.922,41.26766
1578.8436196809998,32236.027,41.26919
1578.8640539676417,32336.03,41.2828
1578.8844883542915,32337.074,41.30096
1578.9049227410287,32400.18,41.296658
1578.925357127766,32401.03,41.28793
1578.9457916145548,32411.97,41.30302
1578.9662259013785,32338.32,41.29676
1578.986660288254,32347.137,41.32325
1579.0070947751374,32345.352,41.274548
1579.0275290620775,32119.814,41.275135
1579.0479634490403,32323.564,41.294098
1579.0683979360692,32265.46,41.298378
1579.0888323230974,32341.512,41.294395
1579.1092666101758,32178.004,41.28858
1579.1297010972921,32277.709,41.264496
1579.1501354844368,32282.248,41.31093
1579.1705698716323,32394.55,41.27724
1579.1910042588352,32373.87,41.27286
1579.2114386460962,32114.793,41.280598
1579.2318731333798,32493.28,41.256947
1579.2523074206983,32296.082,41.293377
1579.2727418080758,32260.955,41.28824
1579.2931762954759,32327.797,41.28108
1579.3136105828817,32326.021,41.29311
1579.33404507034,32211.143,41.258762
1579.354479457863,32243.06,41.297768
1579.3749137453851,32422.287,41.292484
1579.395348232967,32306.4,41.293316
1579.415782620541,32284.545,41.284126
1579.4362169081796,32341.463,41.323215
1579.4566513958707,32313.482,41.283844
1579.4770857835683,32266.537,41.255383
1579.4975200712943,32268.533,41.270725
1579.51795455908,32330.967,41.25699
1579.538388846886,32363.443,41.26175
1579.5588233347298,32263.094,41.30302
1579.5792577225948,32256.438,41.279526
1579.599692110496,32236.924,41.29052
1579.6201264984265,32411.062,41.256733
1579.6405608864152,32223.695,41.290127
1579.6609952744257,32398.885,41.30525
1579.6814296624725,32385.664,41.288933
1579.7018640505412,32359.629,41.26867
1579.722298538647,32222.947,41.248867
1579.742732926752,32419.668,41.257004
1579.7631672149437,32409.883,41.29026
1579.7836017031295,32335.49,41.27229
1579.80403609138,32369.86,41.30484
1579.8244703796227,32371.166,41.25784
1579.8449048679322,32147.512,41.257927
1579.8653392562992,32326.178,41.286102
1579.8857735446654,32284.74,41.246773
1579.906208033026,32405.818,41.301605
1579.926642421451,32332.955,41.258377
1579.947076909928,32330.943,41.294918
1579.9675111984106,32310.748,41.297543
1579.9879455869523,32212.963,41.29751
1580.0083800754874,32196.79,41.259834
1580.0288143640864,32209.21,41.287785
1580.0492487527445,32135.156,41.303383
1580.069683241396,32332.453,41.289318
1580.0901175300532,32338.814,41.28116
1580.1105519187695,32260.275,41.286846
1580.1309864075374,32286.688,41.280613
1580.151420696253,32310.668,41.278843
1580.1718551850863,32388.71,41.286316
1580.192289473911,32315.816,41.292316
1580.2127238628018,32241.818,41.281456
1580.2331583516934,32375.475,41.28226
1580.2535926406345,32270.38,41.283867
1580.2740270295835,32251.0,41.281036
1580.2944615185916,32236.047,41.23931
1580.3148959075916,32275.516,41.281906
1580.335330296657,32275.93,41.263756
1580.3557646857225,32234.303,41.261536
1580.376199074839,32348.11,41.295578
1580.3966334639626,32298.355,41.27373
1580.4170678531445,32399.375,41.279793
1580.4375022423192,32348.43,41.294697
1580.45793673156,32263.668,41.30259
1580.4783710208576,32260.916,41.27961
1580.4988054100904,32377.012,41.3136
1580.5192398994477,32228.463,41.297985
1580.5396741888035,32269.402,41.256454
1580.5601086781535,32231.486,41.288284
1580.5805430675682,32269.049,41.27765
1580.6009773569822,32323.613,41.290764
1580.6214118464486,32303.943,41.297314
1580.6418462359798,32291.818,41.259598
1580.662280525452,32251.234,41.272724
1580.6827150150348,32317.111,41.275078
1580.7031494046241,32245.516,41.282528
1580.723583894207,32272.97,41.2792
1580.7440181838538,32312.256,41.25676
1580.7644525735013,32316.365,41.28327
1580.7848870632006,32354.627,41.30129
1580.8053213529056,32331.451,41.254208
1580.8257557426696,32325.473,41.268536
1580.8461901324335,32258.305,41.25573
1580.8666245222485,32207.002,41.27104
1580.8870589120706,32258.264,41.286144
1580.9074933019438,32426.555,41.27482
1580.9279276918242,32382.162,41.25457
1580.9483621817053,32342.553,41.27351
1580.9687965716366,32319.893,41.274975
1580.9892308616327,32290.91,41.273865
1581.0096653516302,32234.709,41.273544
1581.0300997416198,32299.33,41.254597
1581.050534031674,32328.291,41.288074
1581.070968521788,32276.012,41.294434
1581.0914029118358,32287.473,41.276325
1581.111837402008,32363.111,41.32077
1581.1322716921204,32310.297,41.290737
1581.1527060823428,32293.91,41.30388
1581.173140572515,32309.668,41.28954
1581.1935748627438,32272.588,41.26738
1581.2140092530244,32230.016,41.297592
1581.234443743313,32483.35,41.29226
1581.2548780336,32340.803,41.30081
1581.2753124239389,32195.344,41.272785
1581.295746914344,32307.582,41.26822
1581.3161812046892,32266.525,41.27433
1581.3366156951452,32322.146,41.283943
1581.3570500855494,32370.328,41.273403
1581.377484476012,32420.98,41.272972
1581.3979188665253,32261.377,41.272846
1581.418353257046,32210.445,41.290375
1581.4387876475666,32352.89,41.30942
1581.4592220381383,32352.824,41.296772
1581.4796564287753,32334.867,41.30155
1581.5000908193542,32282.986,41.252594
1581.520525209984,32261.605,41.273342
1581.5409596006793,32278.678,41.284904
1581.5613939913746,32559.188,41.29945
1581.5818283820627,32268.902,41.21991
1586.8334604462434,32282.06,41.004986
1586.853894940199,32157.863,40.79794
1586.8743292342115,32216.916,40.879215
1586.89476372816,32257.658,40.955116
1586.915198122173,32270.021,40.91386
1586.9356324161854,32232.71,40.925606
1586.9560669101338,32245.459,40.865093
1586.976501304147,32408.879,40.932476
1586.9969356981019,32118.32,40.92669
1587.0173700921077,32281.182,40.96214
1587.0378044860627,32215.262,40.97956
1587.0582389800766,32263.674,40.9151
1587.0786733740824,32290.668,40.95924
1587.0991076680366,32187.27,40.93591
1587.1195421620505,32111.754,40.96913
1587.1399765560564,32178.705,40.94867
1587.1604108500105,32156.965,40.96701
1587.1808453440244,32202.143,40.989605
1587.201279737972,32249.994,40.977592
1587.2217141319852,32212.586,40.957523
1587.2421485259401,32283.709,41.031696
1587.2625828199452,32199.02,41.04809
1587.283017313901,32169.4,41.034077
1587.303451707914,32187.814,41.0118
1587.323886001861,32190.326,41.083694
1587.3443204958749,32139.996,41.003437
1587.3647548898298,32178.639,41.041027
1587.3851893838364,32167.4,41.037914
1587.4056236777906,32150.307,41.06054
1587.4260580717455,32216.123,41.1163
1587.446492565694,32206.39,41.06975
1587.4669268597063,32056.465,41.103046
1587.5077957476096,32128.688,41.094673
1587.5282300415638,32246.178,41.124226
1587.5486645355704,32225.56,41.11176
1587.5690989295254,32215.184,41.14493
1587.5895333234803,32134.531,41.11595
1587.609967717428,32299.46,41.092663
1587.6304021113829,32148.963,41.112312
1587.6508365053378,32186.84,41.109653
1587.6712708992854,32326.318,41.14808
1587.6917052931822,32190.402,41.152187
1587.7121397871379,32223.219,41.174305
1587.7325740810847,31996.627,41.17521
1587.7530084750397,32040.232,41.160183
1587.7734429689372,32233.252,41.15991
1587.7938773628848,32212.07,41.167233
1587.8143116567808,32192.088,41.195854
1587.8347461507365,32240.406,41.167103
1587.8551804446251,32233.219,41.17791
1587.8756149385808,32222.404,41.19316
1587.8960493324776,32317.297,41.16844
1587.9164836263662,32179.79,41.166363
1587.9369181202637,32300.078,41.193348
1587.9573525141604,32181.541,41.204865
1587.9777868080491,32338.361,41.200928
1587.9982213019466,32218.604,41.204716
1588.0186556958433,32143.96,41.210403
1588.039089989732,32173.893,41.20253
1588.0595244835713,32116.668,41.245506
1588.079958877468,32269.867,41.2303
1588.1003933713582,32227.082,41.22302
1588.120827665196,32141.389,41.221058
1588.1412620590345,32199.807,41.240185
1588.1616965529247,32189.824,41.22642
1588.1821308467624,32265.66,41.276806
1588.202565240601,32237.518,41.255806
1588.222999734433,32221.24,41.251076
1588.2434340282707,32251.615,41.2478
1588.2638685221027,32157.643,41.243454
1588.2843029159412,32192.65,41.23207
1588.3047373097797,32176.693,41.24663
1588.32517170356,32190.096,41.237854
1588.3456060973913,32256.797,41.264637
1588.3660404911716,32250.424,41.27148
1588.3864748849446,32307.867,41.266315
1588.406909278725,32251.756,41.244255
1588.4273436725634,32141.033,41.25828
1588.4477781663372,32186.982,41.24767
1588.4682124600586,32051.787,41.268173
1588.4886469538396,32247.863,41.221985
1588.509081247612,32104.55,41.24599
1588.529515641334,32289.986,41.2614
1588.549950135115,32311.227,41.277065
1588.5703844288364,32265.371,41.277
1588.5908188225512,32185.309,41.259182
1588.611253316274,32172.17,41.25021
1588.6316876099881,32144.658,41.29283
1588.652122103711,32206.164,41.235603
1588.672556497433,32365.928,41.26222
1588.6929907910962,32265.986,41.295273
1588.7134252848118,32100.3,41.2576
1588.7338596784757,32116.64,41.224678
1588.7542939721316,32146.184,41.261208
1588.7747284658544,32292.16,41.248188
1588.79516285946,32215.018,41.254158
1588.8155972531167,32194.736,41.291325
1588.8360316467806,32190.25,41.28268
1588.8564660403863,32265.102,41.241615
1588.8769005340437,32111.498,41.258972
1588.8973348276486,32214.775,41.268707
1588.9177692212543,32139.174,41.245876
1588.9382037148534,32276.162,41.265766
1588.9586381084591,32176.42,41.245384
1588.979072402064,32211.191,41.22899
1588.999506895605,32220.0,41.251873
1589.0199412892107,32189.152,41.251568
1589.0403755827574,32217.795,41.25897
1589.0608100762984,32178.725,41.224987
1589.0812444698458,32151.523,41.24222
1589.1016789633868,32122.674,41.252625
1589.1221132568753,32376.469,41.24055
1589.1425476504228,32212.225,41.247593
1589.162982043912,32281.852,41.263123
1589.183416437394,32026.057,41.24359
1589.2038507308826,32377.502,41.23316
1589.2242852243726,32333.871,41.247463
1589.2447196178546,32245.957,41.242554
1589.2651541112864,32158.414,41.19045
1589.285588404775,32246.959,41.27532
1589.3060227981987,32260.936,41.266144
1589.3264572916305,32174.17,41.248062
1589.3468915850026,32258.605,41.23714
1589.3673259784264,32159.37,41.25649
1589.3877604718582,32157.578,41.249878
1589.4081947652303,32136.277,41.231075
1589.4286291585959,32290.066,41.2248
1589.4490636519695,32201.379,41.232964
1589.469498045335,32366.793,41.213196
1589.4899324386497,32339.537,41.253216
1589.5103668319643,32288.918,41.233532
1589.5308012253372,32330.004,41.21216
1589.5512356186446,32232.602,41.245632
1589.571670011901,32275.582,41.24956
1589.5921044052084,32305.387,41.22364
1589.6125388984656,32130.084,41.202145
1589.6329731917795,32198.697,41.24478
1589.653407585036,32352.451,41.22586
1589.6738420782276,32228.53,41.210438
1589.6942763714833,32215.508,41.187485
1589.7147108647332,32364.383,41.198627
1589.7351452579314,32305.318,41.208897
1589.755579551129,32299.814,41.200092
1589.7760140443206,32223.215,41.193756
1589.7964484374606,32275.953,41.22342
1589.816882730658,32148.635,41.206142
1589.8577515169309,32242.887,41.20129
1589.8781860100135,32315.732,41.18292
1589.8986204031462,32257.205,41.186077
1589.9190546962272,32294.23,41.220795
1589.9394891893098,32411.82,41.175762
1589.9599235823844,32208.174,41.177208
1589.9803578754654,32255.275,41.18287
1590.0007923684898,32353.852,41.177822
1590.0212267615643,32267.898,41.199154
1590.041661154588,32233.43,41.222397
1590.0620955475533,32203.254,41.18423
1590.0825299405697,32201.947,41.158684
1590.1029644335358,32207.955,41.140293
1590.1233987265005,32245.719,41.19508
1590.1438331194586,32266.674,41.162437
1590.1642676123665,32465.623,41.16479
1590.184702005332,32251.316,41.187862
1590.205136298231,32319.6,41.21101
1590.225570791139,32255.287,41.16446
1590.246005183988,32279.826,41.18674
1590.2664394768872,32268.61,41.15832
1590.286873969737,32232.143,41.19438
1590.3073083625786,32136.354,41.200058
1590.3277428554284,32236.885,41.145016
1590.3481771482184,32194.053,41.197266
1590.3686115410092,32285.496,41.168705
1590.3890460337934,32240.676,41.166336
1590.4094803265834,32239.748,41.18185
1590.4299147193087,32197.725,41.165855
1590.4503491120413,32223.078,41.16444
1590.4707835047739,32247.564,41.148773
1590.4912179975,32302.76,41.194424
1590.5116522901735,32152.03,41.153038
1590.5320866828479,32205.459,41.166927
1590.5525211755157,32222.7,41.17634
1590.5729554681893,32208.615,41.161465
1590.5933898608055,32099.723,41.15161
1590.613824353415,32218.783,41.158447
1590.6342586460305,32286.863,41.153748
1590.6546930385884,32279.938,41.20971
1590.6751275311399,32231.684,41.186523
1590.6955619236978,32316.37,41.16682
1590.7159963162558,32153.715,41.17703
1590.7364307087482,32227.904,41.138138
1590.7568651013062,32158.758,41.12312
1590.7772994937477,32249.916,41.160973
1590.7977338862402,32201.557,41.152424
1590.8181682786817,32211.97,41.14922
1590.838602771124,32115.148,41.110226
1590.8590370635575,32284.928,41.12803
1590.8794714559408,32181.105,41.142654
1590.8999059483249,32188.06,41.184082
1590.9203402407002,32105.94,41.130505
1590.9407747330843,32234.74,41.165844
1590.9612091254094,32197.643,41.186123
1590.9816434177264,32195.361,41.11098
1591.0020779099941,32190.611,41.10177
